0: 70,40 112,4 193,33 296,23 315,5 373,45 418,42 470,29 501,45 614,29 696,45 708,48 807,2 843,21 949,4 992,3
1: 54,17 122,13 154,20 463,21 476,7 635,23 796,15 847,9 926,42 927,25 960,11 992,48
2: 17,0 165,15 170,39 543,41 777,18 907,15 949,8 980,38
3: 390,16
4:
5:
6: 279,47 330,34 476,40 496,2 580,7 736,6 961,32
7: 27,29 560,41 769,47
8: 562,12 710,14 925,48
9: 6,49 87,29 136,38 252,47 284,49 368,30 488,16 715,2 908,28 994,13
10: 8,42 122,0 145,30 223,17 316,14 513,12 563,11 569,33 580,14 743,29 829,11 921,13 939,16
11:
12: 315,40 412,29 744,48 777,28 979,23
13: 782,17
14: 361,7 398,20 483,9
15: 455,41 459,29 753,33 980,5
16:
17: 203,13 679,44 705,30 847,29 945,7 985,31
18: 576,43
19: 260,10 398,21 804,17 935,32
20: 88,25
21: 374,7 376,44 431,37
22: 222,39 524,4 899,44
23:
24: 579,37
25: 132,23 385,9 523,21 545,42 628,40 659,0 774,15 816,46 894,14
26: 42,7 558,34
27: 260,5 277,40 285,38 518,28 719,13 843,36 962,38
28: 17,18 56,24 173,40 212,4 223,38 257,40 323,8 387,27 425,37 498,43 570,37 601,3 684,16 687,27 725,15 732,44 816,39 831,26 835,45 907,9 931,31 951,8 957,10
29:
30:
31:
32: 34,6 956,45
33: 272,16
34: 622,29
35: 355,37 432,2 689,44
36: 238,8 286,40 594,35 705,43 822,36 899,32 967,26 998,5
37: 97,3 266,36 444,49 518,20 804,10
38:
39:
40:
41:
42: 588,6
43: 12,36 306,41
44: 230,32 496,20 786,33
45: 50,8 152,9 409,49 595,49 740,31
46:
47: 38,11 366,43 888,25
48: 127,5 590,10 956,3
49: 357,44 767,45
50: 394,6 588,45
51: 35,44 343,36 500,30 517,13 753,38
52: 563,39
53: 259,41 556,45 622,39 726,28
54: 909,47
55: 148,25 360,27 491,12
56: 104,10 277,41 286,2 341,35 393,3 434,27 534,42 566,41 637,19 639,8 672,14
57: 26,36 50,2 329,49 936,44
58: 251,40 359,25 439,21 711,33 780,31 857,21
59:
60: 59,13 176,2 181,34 203,31 250,29 251,27 266,10 285,13 517,42 527,38 604,31 906,32
61: 107,28 150,47 189,0 365,4 634,18
62: 164,27 212,28 318,37 378,27 447,12 494,38 567,37 568,6 621,18 644,8 658,1 685,48 720,48 765,32 881,26 882,32 974,25 988,7 997,12
63: 432,13
64:
65: 41,43 244,44 415,25 469,26 518,27 698,33 796,14 905,11
66:
67: 16,39
68: 6,13 107,48 424,31 464,30 540,30 752,22
69: 343,28 491,42
70: 100,0 446,9 493,8 910,46
71: 314,36
72:
73: 30,22 217,45 580,39 725,0
74: 47,49
75:
76: 365,4 506,49 752,16
77: 54,29 59,1 72,5 118,32 136,38 157,29 182,39 207,18 212,3 218,22 271,24 328,27 366,15 414,34 430,23 559,24 572,24 892,16 927,11 946,4
78: 453,5 889,49
79: 89,1 979,36
80:
81:
82: 146,14 329,20 564,35 695,18 844,40
83:
84: 199,15 200,40 896,10
85: 188,0 236,6 436,35 509,38 523,18 551,45 562,39 631,37 698,31 734,42 787,3 788,21 794,28 812,23 824,22 850,19 956,16 988,46
86: 289,25 301,28 477,0 514,4 661,28 725,13 927,34
87: 313,49 443,29 447,44 614,29 732,6 810,19 817,48 879,45
88: 755,11
89:
90: 36,35 170,29 367,45 400,8 601,13 664,32 677,42 840,1
91: 5,10 53,29 389,47 436,32 576,8 605,2 685,48 845,13 882,48
92: 631,26 946,26
93: 125,2 257,20 400,45 498,32 510,24 560,41 888,23
94: 291,34 411,31 586,32 802,10 813,46
95: 304,29
96: 621,1 669,13
97: 12,24 13,38 135,29 292,36 433,38 540,20 589,27 634,39 713,14
98: 53,9 642,36 707,2
99:
100:
101:
102: 130,16 954,41
103: 883,36 971,23
104: 19,38 120,44 240,20 477,43 697,22 750,35 822,38
105: 123,2 294,8 345,34 460,12 472,20 636,21 873,39
106: 26,16 86,19 97,9 124,47 131,46 179,18 296,20 299,42 332,15 519,3 561,21 581,23 582,35 587,1 613,22 619,41 695,3 726,35 786,12 789,23 792,8 824,43 847,23 968,38 969,34
107: 26,15
108: 839,18
109: 126,17 154,30 189,21 248,0 280,32 430,44 535,1 621,14 665,14 970,43
110: 244,30 398,10 525,27
111: 645,49 772,19 943,25 998,17
112: 21,40 92,32 156,30 159,29 413,33 462,21 673,43 801,35 864,4
113: 147,30 283,47 610,2 656,37 809,24
114: 198,5 227,25 457,31 592,25
115: 116,2 165,5 339,17 549,21 950,49 953,48
116: 62,36 88,9 720,35 863,41 916,8 945,32 963,9
117: 857,38 926,8 933,2
118: 4,48 71,43 124,16 376,29 584,45 665,38 757,31 763,15 792,25 793,33
119: 31,18 40,32 93,1 220,45 234,8 364,22 418,46 425,28 463,11 601,35 612,39 684,34 758,42 819,3
120: 338,37 356,38 391,49 392,22 572,45
121: 155,14 957,41
122: 134,35 321,32 376,13
123: 275,1 337,44 891,2
124: 394,20
125: 479,30 559,30 634,46
126: 140,21 258,14 347,11 350,11 754,4 931,46
127: 234,48 512,10 630,9 652,16 770,24
128: 471,28
129: 466,48 851,24 961,0 974,43
130: 277,12 614,44
131: 94,15 128,21 277,27 309,24 330,33 575,41 576,2 607,39 729,14 744,6 783,37 851,7
132: 223,1 541,15
133:
134:
135: 374,46
136: 6,8 576,39 723,29 735,16
137: 770,1 841,35
138: 15,25
139: 74,32
140: 244,32 509,16 581,24
141: 221,20 240,28
142: 57,35
143: 287,22
144: 62,32 226,46 645,22
145: 264,3 488,29 709,1 896,1
146:
147: 210,34 772,47 923,10
148: 138,12 142,2 423,2 720,49 807,15
149: 414,31 890,40
150: 960,7
151: 332,32 444,26
152:
153: 138,37 384,45 618,32 754,34 970,14
154: 387,22
155: 431,14 763,48
156: 324,30 372,18
157:
158: 623,20 914,42 928,45 979,24
159: 24,21 139,19 350,48 592,5 605,19 699,45
160: 178,34 234,27 316,45 513,49 554,5 624,28
161:
162: 493,45 882,0
163:
164: 312,6 493,2 688,25 980,3
165:
166:
167: 164,20 604,15 610,13 858,44
168: 37,21 57,17 255,5 273,6 314,7 393,9 441,43 651,37 705,32 883,25 914,10 924,20
169: 202,21 263,16 479,44 653,39 888,14 920,37
170: 926,49
171:
172: 64,6 84,13 93,44 718,0 816,18 827,11 909,40
173: 61,27 85,0 96,20 162,23 616,33 680,13 779,27 863,43
174:
175: 466,21 481,35
176: 392,22
177: 389,27 450,4 582,34 797,29
178:
179: 299,3 308,2 517,26 607,11 789,37
180:
181: 359,10 425,24 623,17
182: 639,25
183: 292,12 952,14
184:
185: 60,36 282,12 307,43 316,1 419,46 425,0
186:
187: 73,23 116,42 167,13 210,48 212,32 248,43 263,15 616,37 671,6 759,27 811,25 910,24
188: 12,28 32,40 171,47 264,42 375,20 648,5 800,43 822,40 923,2
189:
190: 291,36
191:
192:
193: 24,35 74,3 146,21 280,34 490,4 522,38 722,24 769,31 818,16
194: 558,37 567,9 641,14 935,24
195:
196: 403,30
197: 322,45 443,28 517,3 800,7
198: 35,47 103,45 298,38 363,14 415,29 429,0 514,43 546,26 625,16 629,40 647,49 769,8 783,42 859,11 865,47 971,19
199: 26,29 27,3 481,27 795,32
200:
201: 76,39 180,40 197,23 212,28 308,22 433,20 439,2 444,22 455,44 471,27 593,38 601,2 602,16 664,17 728,22 760,37 777,45 780,0 826,46 976,15
202: 607,42
203:
204: 122,6 224,38 411,33 535,44 617,4 932,38
205: 36,41 103,1 327,21 404,4 416,29 447,24 517,7 527,12 564,12 784,11
206: 380,2 463,38 576,33 707,23 859,1 980,39
207: 304,6
208: 187,48 476,14 752,9 840,16
209:
210:
211: 868,12
212: 784,14
213: 36,48 73,43 185,17 387,45
214: 370,39 589,32
215:
216:
217: 845,44
218:
219:
220: 292,39 718,33
221: 483,22
222: 33,29
223: 431,20 543,11
224: 249,24 446,18 524,16
225: 290,20 357,20 556,27 773,42 954,1
226: 15,43
227: 766,39
228: 59,25 228,32 535,7
229: 773,8 898,3
230: 54,33 215,24 411,8 468,22 593,32 650,22 782,11 844,37 861,14 886,10 901,5 986,34
231: 311,39 526,13
232:
233:
234: 545,5 600,21 779,47 793,13
235: 345,43
236: 415,5
237: 87,38 105,36 653,20 786,14 863,22 935,45
238:
239: 286,10 430,20 730,27 733,19 803,27 920,36 941,16 968,17
240: 185,26 199,43
241:
242:
243: 3,13 6,29 57,0 654,10 751,44 759,9 765,7 770,48 839,22 921,34 972,30
244: 123,47 767,33
245:
246: 164,4
247:
248: 2,0 273,7 375,12 502,21 663,45 849,49
249: 233,6
250: 544,38 709,44
251: 4,37 235,13 473,17 544,12 737,47
252: 115,6 205,5 418,31 721,11 739,14 749,17 830,48
253: 57,10 272,42 489,23
254: 804,40
255: 342,20 407,25 770,2 907,31
256: 676,15 781,24
257: 28,2 236,2 496,9 653,28 746,29 847,29 931,36
258: 426,31 844,8
259: 32,18 43,27 303,45 328,30 339,42 387,43 559,46 603,24 658,33 695,14 708,16 723,10 745,4 750,34 769,16 774,6 814,25 952,30 978,29
260: 8,26 51,3 221,47 320,11 517,45 540,17 712,2 717,37 759,22 916,18 966,1 976,6
261: 984,37
262: 0,17 18,3 323,37 346,16 555,30 628,20 650,8 788,10 924,7
263: 317,45 392,37
264: 143,9 323,2 374,35 662,15 733,40 793,29 807,40
265: 198,27 391,37 396,49 620,37 766,16 873,31 887,46 956,39
266:
267: 467,40 543,37 577,36 685,35 806,10 966,30
268: 136,23 389,6 511,14 945,46
269: 406,3 614,40 618,16 784,18 895,44
270: 354,8
271:
272: 135,27 387,49 998,41
273: 1,35 25,9 197,20 215,41 595,30 620,3 981,40
274: 12,22 313,49 510,21 618,24
275:
276: 64,38
277:
278: 532,0 787,13
279:
280: 5,38 59,8 760,20
281: 126,17 196,7 334,33 472,38 682,39 688,21 829,28 918,1
282:
283: 191,0 656,48
284:
285: 191,33 231,6 358,24 628,27
286: 4,46 229,4 234,25 342,49 356,27 636,26 714,22 772,39 818,12 925,34
287: 40,40 115,6 274,18 478,30 627,11 770,2 855,22 983,7
288:
289: 275,42
290: 397,3 890,31
291: 314,9 364,14 534,9 551,0 571,38 584,41 698,6 725,29 738,46 967,10 976,24
292: 99,27
293: 132,22 294,21 637,12 794,36 982,9
294: 42,28 276,14 317,10 348,19 517,44
295: 275,7 952,18
296: 132,33 541,20 926,33
297:
298: 683,18
299: 228,24 648,47 684,14 914,47 953,15
300: 308,28 849,0
301:
302: 35,16 71,34
303: 249,38
304: 2,7 151,8
305: 216,16
306: 132,2 907,1
307: 779,26
308:
309:
310: 2,0 154,35 200,21 230,16 449,22 515,21 546,42 638,39 687,41 889,18 981,28
311:
312:
313: 56,48 161,34 429,47
314: 629,21 990,32
315: 190,16 357,8 487,5 513,30 538,45 755,16
316:
317:
318: 171,45 495,0 514,27
319: 366,13 853,20 960,38
320: 446,5 964,26
321: 168,19 289,8 866,24 877,35
322: 92,4 991,1
323: 217,28 497,3 542,20 582,13 747,41 887,27
324: 955,43
325: 946,30
326: 201,2 422,49 458,35 490,5 666,27 741,46 891,1 936,16
327: 185,38
328: 130,48
329: 402,26
330:
331: 354,48 506,3 794,30 859,9
332: 7,2 489,0 569,17 772,31 921,5
333: 244,32 344,10
334: 258,11 268,37 341,32 945,43
335: 10,31 28,13 77,18 78,2 174,4 487,42 511,35 687,31 788,3 808,30 916,25
336: 241,31 715,26
337: 358,2
338: 362,48
339: 907,28
340: 48,45 243,18 729,15
341: 32,0 92,36 155,13 177,17 411,38 492,20 544,7 591,10 594,15 674,48 820,25 824,22 868,22 913,44 949,37
342: 559,26 731,3
343: 25,5 221,48 257,35 264,31 436,22 443,10 617,31 745,6 995,48
344: 554,16
345: 421,30
346: 109,20 318,17 375,17 664,13 703,36
347: 6,45 47,16 76,49 968,12 973,11
348: 465,34
349:
350: 859,48
351: 67,5 603,47
352:
353: 130,31 312,14 597,14 656,47 695,44 702,22 796,5 846,24
354: 37,29 188,3 694,28 741,22
355: 94,8 278,3 547,18
356: 38,34 421,32
357: 40,18 188,30 503,14
358: 55,8 778,35 851,7
359: 221,2 229,48 240,8 443,15 518,15 668,32 832,0 890,39 898,8 977,10
360: 184,44
361: 87,45 163,26 195,21 252,7 433,43 553,8 631,29 827,37
362:
363: 76,46 225,19 377,39 519,0 731,46 792,24 936,15 945,30
364: 174,7 751,27 891,22
365: 475,3
366:
367: 491,1 575,47
368: 337,19 902,44
369:
370:
371: 150,15 253,44 976,7
372:
373: 946,29
374: 271,47
375: 185,2 439,48 496,31 524,34
376: 200,36 206,43 491,49
377: 84,17 151,40 218,38 736,40
378: 50,18 199,14 532,38 812,12
379:
380:
381:
382:
383: 210,17
384:
385: 23,44 311,9
386: 145,42 245,35 325,4 507,31 572,33 687,43 859,23
387: 272,2 368,26 437,35 577,2
388: 495,1 527,33 672,32 870,49 901,4 944,2 945,37
389: 765,0
390: 13,31 112,16 665,35 714,12
391: 298,48 656,19 872,31 927,16 978,20
392: 878,17
393: 150,19 424,5
394:
395:
396:
397: 496,12 760,35 885,33
398: 16,40 140,14 231,21 406,17 425,4 493,18 632,8 643,0 646,29 791,6 938,9 956,26 959,0 983,29
399:
400: 124,5 241,25 243,8 244,16 292,11
401: 42,36 374,17 428,44 850,28
402: 635,21 799,27
403: 22,22 64,11 77,38 132,12 215,40 613,42 632,23 676,44 696,23 700,11 844,17
404: 717,11
405: 349,46 924,36
406: 348,7
407:
408:
409: 632,21
410: 437,3 653,43
411:
412: 1,41 277,29 522,24 626,26 688,12
413: 87,43 103,22 189,31 205,24 302,19 579,48 727,1 815,34 909,11 949,26
414:
415: 918,3
416: 109,35
417: 445,36 514,37 650,31 860,18 911,42
418: 713,49 919,19 962,3
419: 54,43 78,9 459,38 474,10 883,36
420: 137,34 151,32 491,40 540,16
421: 117,14 214,14 704,25 855,14 860,39 948,0
422: 371,28 858,43
423: 623,34 674,44 939,40
424: 189,12 515,7 649,14
425: 374,37
426: 509,12
427: 607,34
428:
429: 73,32 88,34 110,1 116,7 166,17 293,0 406,4 497,13 588,0 680,15 768,46 794,1 851,46 952,21
430: 216,7 248,24
431: 129,46 544,15
432: 5,31 505,18 701,12 819,23 836,41 841,17 996,43
433:
434: 389,11 516,22 836,40 853,7 892,7
435: 93,28
436: 35,29 380,6 467,43 529,9 533,15
437:
438:
439: 30,3 53,14 100,42 237,24 318,29 357,43 610,12 830,3 834,32 846,8 861,43 912,15
440: 124,46 289,35 415,2 443,27 464,43 502,31
441: 936,11
442: 114,36 120,4 171,13 200,18 294,16 358,3 412,13 531,34 619,36 646,43 768,7 781,41
443: 336,0
444: 265,24
445: 848,24
446: 258,40
447: 5,16
448: 23,40 465,24 666,40
449: 130,21 924,31
450: 244,30 509,38 986,37
451: 320,39 396,32 785,14 837,23 922,48
452: 358,15
453: 34,18 56,39 218,22 345,24 351,36 483,9 499,9 633,25 684,37 806,34 817,36
454:
455: 523,10 853,7
456: 1,1
457:
458:
459: 296,17
460:
461:
462: 566,20
463: 76,35
464: 426,10 439,34 446,5
465:
466: 220,18 273,43 437,40 624,26 646,49 786,41 871,19
467: 588,5 672,47 715,14
468: 389,39
469: 233,29 842,9
470: 586,45 717,25 940,44
471:
472: 646,1
473: 151,23 246,35
474: 34,22 35,29 323,8 965,4 974,25
475: 123,28 285,26 460,33 684,30 697,26
476: 245,48 808,35 884,20 914,41
477: 795,41
478: 245,18 302,28 692,31 956,27
479: 5,39 376,5 599,30 781,1
480: 72,44 219,10 501,23 820,19
481: 48,34 228,13 549,10 574,0 628,3 653,22 747,24 756,20 804,19
482: 126,45 234,16 439,35 552,43 572,40 635,16 667,0 982,42
483: 37,27 399,20 523,5 649,3 971,12
484: 31,1 215,36 571,46 769,21 971,10
485: 165,24 373,0 457,5 545,41 870,22
486: 45,20 73,7 920,12 943,1 984,7
487: 145,32 278,31 535,40 551,32 652,36 653,2 727,40 808,4 881,11
488: 385,40
489:
490:
491: 25,29 49,43 133,34 170,38 267,5 300,44 311,12 322,20 443,20 490,6 492,46 493,6 505,12 508,1 535,27 540,13 599,16 644,48 645,23 705,30 739,28 747,45 865,34
492:
493: 214,43 995,18
494: 878,38
495: 163,6 606,28
496: 189,12 261,35 348,26 352,21 443,37 667,38 811,24 953,32 955,42 958,49
497: 42,24
498: 65,48 118,17 250,31 874,43
499: 23,3 75,41 122,0 386,26 462,27 504,43 754,26 812,43
500:
501: 174,48 723,46
502: 71,32 77,18 99,19 433,7
503: 142,46 311,14 312,47 327,43 399,11 418,41 455,19 639,14 731,35 797,31 798,26 831,7 857,26 875,46 908,44 946,28
504: 75,43 326,30 466,10 520,30 550,48 581,47 647,36 724,19 733,5 739,40 750,0 940,19
505: 104,3 371,46 761,22 828,24
506: 8,29 667,17
507:
508:
509: 150,42 326,4 329,42
510: 690,14
511: 62,10 233,35 261,13 273,5 564,7 582,18
512: 9,46 323,23 458,25 515,23
513:
514: 548,44 857,27 906,30
515: 741,4
516: 784,8 917,35
517:
518:
519:
520: 431,32
521: 571,27
522: 757,37
523: 395,37
524: 113,23
525: 48,46 282,41 355,28 371,47 977,12
526: 112,1 355,12
527: 187,39 431,45 540,38 593,37 996,24
528: 276,7
529:
530: 231,39 411,21 767,36
531: 306,0 688,14 875,5 900,38
532:
533:
534: 272,23 391,11 577,4 860,49
535: 341,14 413,42 538,37 554,16 720,42 764,10 850,21 972,32
536: 352,44 841,11
537: 915,21
538: 499,8
539: 578,41 902,23
540: 18,44 211,8 470,20 884,15 915,2 950,11
541: 24,36 73,23 214,16 258,37 321,34 343,13 384,24 394,30 606,38 680,10 824,30 837,7 873,43
542:
543: 231,16 308,7 397,17 422,4 540,4 824,39 939,43
544:
545:
546: 139,0 367,9 629,35 965,38
547: 467,33
548: 890,8
549: 850,14
550: 40,14 266,39 353,42 389,10 573,27 584,24 670,1 723,24
551:
552: 507,28
553: 215,1 746,35
554: 101,16 708,1
555: 148,22 317,44 809,23 830,17
556:
557:
558: 161,19 175,42 774,39
559: 121,3 789,2
560: 196,11
561: 99,48
562: 246,11 324,44 450,33 626,28
563: 118,26 997,23
564: 229,34 280,1 341,47 425,46 493,38
565:
566:
567: 398,24 400,1 472,6 868,2
568: 881,33
569: 260,33 430,11 554,25 671,45 781,4 881,16
570: 32,39
571: 807,40
572:
573: 510,42 729,35
574: 55,18 262,24 452,21 658,33 771,43 792,46 866,7 877,35
575:
576: 168,11 263,44 400,37 414,8
577: 103,28 177,14 268,36 326,39 460,37
578: 117,48 454,5 721,47
579: 359,37 682,5 764,48 827,26 930,4
580: 39,17 203,19 292,26 439,46
581:
582: 57,15 148,13 235,4 651,29 677,6 867,22
583: 899,32
584: 423,42
585: 184,49 565,13 569,20 709,19 819,4 825,19
586: 214,4 483,5 679,14
587: 54,8
588:
589: 383,25 387,48 564,19 851,48 948,38
590: 602,2
591:
592: 56,38 264,20 310,15 396,10 435,23 784,10 805,24
593:
594: 92,37 137,35 178,47 295,21 633,49
595: 107,16 354,19
596: 773,16
597: 437,20 626,33
598: 24,43 39,42 214,24 629,47 744,21
599: 104,34 706,1 868,24
600: 50,32 156,18 341,29 581,31 617,29 649,15 964,38
601: 19,29
602:
603: 33,29 57,21 228,36 770,10 982,30
604: 94,46 496,28
605:
606: 5,34 924,6 955,17
607: 77,37 272,32 290,2 681,6 700,38 909,44
608: 102,32 141,45 151,49 180,19 187,5 203,6 243,48 377,10 402,41 459,39 685,33 897,0
609: 173,12 276,9
610: 58,5 122,28 255,37 297,42 356,38 409,9 556,20 700,39 729,21 867,20 884,47
611: 79,3 121,27 174,17 186,39 392,4 530,5 670,42 742,9 786,45
612: 33,23
613: 24,22 180,47 207,6 271,17 314,12 532,48 627,41 824,43
614:
615: 29,9
616: 780,45
617: 59,41 435,15 569,24 671,36 851,35 946,5 967,14
618:
619:
620: 306,13
621: 611,25
622:
623: 256,48 553,0 742,34 778,45 871,30
624: 48,15 168,8 601,15 617,40 694,37 715,19 824,32 924,6 952,1
625: 113,23 241,42 251,26 527,32 546,4 594,1 633,33
626: 26,34 108,46 207,5 222,21 241,2 283,16 689,15 810,31 830,22
627: 234,49 343,45 966,9 993,45
628: 966,36
629: 206,14 420,37 437,28
630: 67,6 88,18 146,8 226,46 342,6 418,24 436,14 440,1 564,24 569,26 571,31 578,45 642,28 680,16 761,19 877,19 896,6 970,33 998,35
631: 132,48 361,22
632: 225,30 751,5 835,45 843,6 902,2 993,36
633: 241,41 275,20 969,25
634: 830,45
635: 30,10 40,18 60,6 85,9 133,8 578,15 704,37 897,47
636:
637:
638: 206,40 348,25 474,46
639: 308,37 339,0
640:
641:
642: 125,35 628,17 688,25
643: 272,46 380,20
644: 910,34
645: 501,45 787,4
646: 612,46 653,21 984,28
647: 458,16
648:
649: 395,13
650:
651: 436,5 997,18
652: 119,33 342,16 509,30 967,30
653: 264,5 600,45 995,8
654: 842,47
655: 84,2 175,22 651,13 698,5
656: 442,21
657:
658: 899,22
659:
660:
661:
662: 282,12 294,4 366,15 369,28 419,36 594,10 634,13
663: 145,16 402,27 497,45 510,0 526,16 779,30
664: 114,43 126,15
665: 160,29 448,20
666:
667: 672,45 810,43
668: 44,47 113,34 241,42 719,8 833,3
669: 101,33 140,30 290,2 381,23 513,39 630,47 685,4 713,17 744,31
670:
671:
672: 544,1 683,16
673: 106,40
674: 27,16 244,49 654,27 743,26 924,3
675: 656,32
676:
677:
678: 172,22 584,14
679: 214,44 292,15 915,18
680:
681: 75,1 363,43 575,23 674,39 983,27
682: 161,37 447,20 471,4
683:
684:
685: 5,8 188,23 551,18 577,30 853,46 932,33 979,19
686:
687:
688: 52,36 72,47 145,23 221,18 472,42 537,16 801,39
689: 135,3 206,20 533,46
690: 7,49 34,41 393,36 457,35 465,17
691: 165,44 402,47
692: 605,22
693: 155,24 176,47 570,49 578,39 847,4
694:
695: 568,44
696:
697: 317,38 777,39 803,13
698: 3,30 302,24 514,22
699: 16,9 99,9 166,1 245,6 258,25 444,30 604,42 613,31
700: 38,14 611,25
701: 323,43 377,28 384,24 580,40 643,44 707,38 733,24
702: 557,37 930,14
703: 17,33 773,32
704: 755,13
705: 140,14
706:
707: 206,26 242,22 406,20 451,3 508,49 628,3 637,7 665,43 706,43 854,19 926,33 997,38
708: 273,29 608,36
709: 133,1 182,44 242,23 290,35 303,7 509,25 523,3 898,21 935,3 950,22
710: 451,33 553,2 857,10
711: 436,34 761,47
712: 158,5 188,42 603,28 684,30 882,38 948,9 969,15 981,7
713: 873,27
714: 259,44
715: 655,25
716: 938,20 983,40
717: 4,49 9,8 80,41 82,39 138,16 141,21 150,17 242,10 306,47 385,47 406,46 407,28 441,8 514,35 552,25 615,5 629,44 742,28 777,25 797,38 802,7 806,29 823,26 918,25 921,41 939,17 995,11
718: 24,4 113,9 315,21 383,35 418,5 569,24 663,43 824,45 839,17
719: 252,9
720:
721: 603,6 684,30
722: 446,48
723: 8,12
724: 38,21
725: 208,21 496,10 509,28 810,26 812,28 889,49
726:
727: 253,26 596,23 956,38
728: 183,28
729: 449,21 518,12 650,0 670,2 789,22 858,22 872,42
730: 458,30
731: 477,21
732: 41,19
733: 241,15 262,43 402,15 420,39 527,23 550,25 669,49 742,5 869,12
734: 314,44
735:
736: 324,33 751,12 776,12
737: 551,22 702,47 796,4
738:
739: 57,38 58,42 476,19 762,39 768,12 870,6 972,43
740: 71,43 571,42
741: 135,22
742:
743: 155,5 269,47
744:
745:
746: 156,8
747: 641,21 803,25
748: 38,19 145,13 346,21 393,4 658,41 963,6
749: 931,4
750: 66,7 521,40 984,48
751: 314,35 457,43 493,37 538,22 605,13 793,43 937,18 953,48 998,32
752: 54,31 79,38 272,10 392,14 539,17 580,45 611,4 617,17 621,43 668,43 710,30 773,9 872,32 883,35 885,3
753: 62,8 157,35 225,37 406,37 601,25 785,42 837,26
754: 166,43 572,12
755: 912,39
756: 169,24 642,38 844,37
757: 141,7
758: 195,44
759:
760: 439,48
761: 170,40 564,3 742,9
762:
763: 712,6
764: 994,7
765:
766: 202,21 224,4 771,32
767: 243,28 486,14
768: 373,35
769: 26,47 118,4 155,42 293,29 591,46 749,46 993,21
770: 400,38
771:
772:
773: 6,15 63,17 125,20 503,19 848,40
774: 883,25 935,19
775: 26,43 120,4 343,1 410,17 761,42
776: 210,40 278,42 745,45
777: 151,30 657,11 900,44
778:
779: 7,45 25,24 286,2 381,20 407,15 439,5 470,3 619,3 709,27 876,7 914,13 982,19
780: 49,6 165,4 172,49 467,27 584,45 645,24 669,32 687,11
781: 601,3
782: 747,33 843,0
783: 278,34 327,4 729,47
784: 390,45
785:
786: 614,6
787: 50,3 334,12
788: 384,45 424,19 482,2 618,19 688,46
789: 67,33 293,7 840,1 989,49
790: 905,2 907,30
791: 237,9 551,16 878,34
792: 238,44 400,39 479,3 896,47 925,12
793:
794: 187,34 685,31
795: 280,15 714,29 952,38
796: 44,32 387,15 635,26
797: 37,3 314,28 911,15
798: 16,0 32,33 144,39 422,12 510,29 747,48
799:
800: 33,46 44,44 77,4 144,15 145,5 329,7 464,27 628,39 827,4
801: 288,27 365,34
802: 312,15 358,19 390,38 401,7 534,3 553,7 733,42 899,29
803: 18,39 25,19 108,47 159,5 406,46 417,6 518,25 572,47 635,29 645,17 912,22 971,14
804: 296,27 526,20 656,45
805: 122,49 591,35
806:
807: 189,35 192,16 207,24 667,23
808: 73,39 158,17 454,46 632,45
809:
810: 180,23 261,2 277,23 312,21 435,10 464,2 534,48 555,4 581,45 668,11 792,4 901,4
811: 585,27
812: 55,31 407,27 783,19
813: 880,10
814: 7,13 389,12 409,23 736,26 944,22
815:
816: 18,10 73,43
817: 594,8 621,5 853,17
818: 114,39 818,17
819: 93,20 421,2 435,45 632,27 667,43
820:
821:
822:
823:
824:
825: 40,31 243,48 453,31 756,22 926,39
826: 334,48 468,25 663,46 913,45
827: 476,13 898,14
828: 490,34 690,29 697,6 820,38 833,36
829: 678,22
830: 185,38 196,14 316,14
831: 604,27 976,17
832: 229,8 360,12 423,38 532,2
833: 469,28 735,26 858,6 864,42
834: 2,7 105,20 147,27 235,21
835: 519,21 576,48 627,3 870,36 949,25
836: 681,19
837: 976,19
838: 718,2
839: 711,24
840: 279,34 650,4 828,12
841: 135,9 167,38
842: 110,30 172,49 182,41 391,26
843: 250,32 343,9 439,30 502,39 611,31 781,8 941,15
844: 15,30 58,38 212,30 234,22 710,41 790,43
845: 582,31 798,2
846: 97,8 730,11 819,28
847: 626,28
848:
849:
850: 257,8 432,22 715,29 727,28 812,37 981,34
851: 151,37 350,11 459,13 481,33
852: 869,46
853:
854:
855: 27,12 419,29 524,24 534,40 703,4
856: 9,0 70,27 182,15 291,24 420,17 544,43 659,41 954,46 995,23
857: 479,23 486,39 827,48
858: 9,24 108,2 202,27 256,4 321,8 467,30 726,40 801,33 818,23 893,7 980,32
859: 252,49 261,23 463,1 535,38 643,43 784,11
860: 227,25 444,40 488,48 694,4 802,6 951,1 975,25 978,5 980,30
861:
862: 24,32 732,48 768,45 964,27
863: 180,7 329,1 342,16 346,11 499,41 645,28 762,19
864: 525,20
865: 218,2 259,32 403,1 714,22 800,47 880,38 990,42
866: 106,38 179,28 873,24 893,3
867: 450,30 504,34 824,2 986,1
868: 36,4 49,0 72,24 78,6 177,4 180,7 414,26 469,24 483,21 563,25 646,26 753,40 782,1 841,2 979,37
869: 133,12 183,35 487,33 666,9 852,48
870: 490,49
871:
872: 116,4
873: 374,30 482,0 686,48 807,6 869,36 887,45
874: 142,9 632,8
875:
876:
877: 142,26 983,20
878: 376,29 827,44
879: 398,20 657,44
880:
881: 396,40 617,6 633,46 731,11 849,14 873,37
882: 43,32
883: 326,17 530,16 540,11
884: 53,41 141,18 187,7 334,16 430,9 579,31
885: 678,39
886:
887: 133,7 197,47 231,31 688,5 721,42 812,25
888: 74,3
889: 14,17 209,24 336,28 768,38 993,45
890: 413,19
891: 150,25 566,41 607,49 803,5
892:
893: 73,14 79,17 750,1 959,27
894: 266,18 727,0 923,18
895: 226,40 381,45
896: 216,49 346,10
897: 192,14 265,31
898: 74,4 808,36
899: 325,16 636,5 903,8
900: 177,42 232,1 245,48 334,44 393,26 470,48 471,14 502,10 715,20 720,12 741,40 757,19 772,37 834,13 896,7
901: 467,48 498,0 644,40
902: 98,35 621,41 698,17 769,46
903: 34,26 102,16 249,43 270,19 350,17 499,20 552,4 586,15 620,18 676,40 729,26 800,3 904,40 906,42 942,29
904: 43,37 101,7 124,29 324,24 403,47 497,5 500,12 595,22 621,5 975,1
905: 569,40
906: 296,32 600,32 717,2 972,3
907: 463,43
908: 288,31
909:
910:
911:
912:
913:
914: 151,6 879,1
915:
916: 379,48 703,2 737,15 779,14
917:
918:
919:
920: 458,13 919,22
921:
922: 294,47
923:
924: 375,19 591,39
925:
926:
927:
928:
929: 832,11
930: 22,23 564,10 584,9 645,36 656,38 703,32
931: 489,27 502,28 695,24 953,25
932: 250,15 276,43 366,10
933: 33,49 360,14 431,28 556,16 830,48 895,33
934:
935:
936:
937: 48,5 618,21 707,38 800,22 802,28
938: 751,8 785,22 801,32
939: 179,15 488,33 861,25
940: 202,44
941: 947,2
942:
943: 9,26
944:
945: 946,39
946:
947: 176,16 286,5 554,31 682,25 703,31 756,28
948: 267,48 348,2 522,8
949: 247,17
950: 390,33 656,40 934,29
951: 173,40 283,14 416,31 491,15 549,42 753,13 905,32
952: 186,15 202,23 622,24 677,31 803,28 837,38 848,37 943,3
953:
954: 597,2 671,41 775,1 796,16
955: 64,9 537,40 659,5 922,47
956: 56,21 140,29 301,48 538,10 999,8
957: 224,33 829,8
958:
959: 54,20 239,30 702,38 901,10
960:
961: 12,31 66,17 97,23 401,15 407,26 660,23 727,11 850,31 862,11 885,6 931,12
962: 174,1 924,19 937,43
963: 445,34 468,9
964: 450,25
965: 675,14
966:
967: 716,20
968: 42,9 110,31 378,42 442,27 449,19 512,4 523,16 594,3 691,20 782,20 927,17
969: 144,17 276,19 350,39 898,26 927,37 970,7
970:
971: 18,31 135,45 511,39 771,34 790,21
972: 713,13 978,36
973: 734,2
974: 2,15 173,17 566,7 667,27
975:
976:
977: 29,38 51,3 176,24 262,27 340,46 380,43 415,20 474,27 512,38 624,2 787,26 872,42 888,47
978: 280,27 371,21 376,25 405,15 416,25 456,46 493,48 609,5 629,10 633,0 683,30
979:
980: 191,43 286,22 334,42 594,13 769,9 995,5
981: 162,40 196,40 212,7 265,44 333,31 468,15 559,12 618,45 931,49 980,22
982:
983: 183,33 229,20 535,30 691,13 744,9 779,33 788,33 798,39 821,49
984: 616,30
985: 719,1
986: 815,19
987: 265,3
988: 266,2
989: 411,26
990: 157,16
991: 850,24
992: 6,33
993:
994:
995: 41,40 69,49 73,25 85,27 105,12 287,3 434,47 435,11 612,16 619,4 815,43 973,11
996:
997:
998:
999: 27,35 462,48
