0: 33,4 69,13 70,40 112,4 150,13 193,33 260,35 268,32 279,47 296,23 306,22 315,5 320,4 326,10 330,34 339,21 365,38 373,45 390,16 418,42 439,26 458,10 470,29 475,1 476,40 491,21 496,2 501,45 542,46 580,7 614,29 696,45 708,48 715,32 718,47 736,6 741,27 790,41 807,2 838,26 843,21 888,25 933,42 949,4 961,32 992,3
1: 27,29 560,41 769,47
2: 61,37 107,34 112,2 200,18 234,6 322,15 562,12 654,38 710,14 821,36 925,48
3: 908,28 994,13
4: 8,42 29,17 122,0 137,35 145,30 167,33 172,3 176,8 223,17 266,29 316,14 333,48 342,11 429,48 478,3 506,48 513,12 555,19 563,11 569,33 580,14 743,29 782,17 829,11 841,28 848,44 873,38 888,27 921,13 939,16 990,23
5: 501,26 705,30 847,29 945,7
6: 158,48 175,27 324,4 374,7 376,44 431,37 495,31 625,10 955,35
7: 222,39 524,4 899,44
8: 92,10 315,0 446,14 459,6 500,6 523,40 691,2 941,29
9: 246,28
10: 523,21
11: 42,7 558,34
12: 4,7 20,48 45,17 116,16 206,31 218,12 260,5 277,40 285,38 511,23 518,28 565,35 612,25 719,13 765,37 843,36 962,38
13: 56,24 173,40 257,40 323,8 570,37 601,3 684,16 687,27 725,15 732,44 831,26 951,8 957,10
14:
15: 68,22 77,32 137,47 202,20 238,8 272,16 286,40 287,39 594,35 705,43 806,21 822,36 827,44 845,29 895,2 899,32 967,26 994,44 998,5
16: 266,36 398,47 518,20 804,10
17: 7,38 186,0 230,32 336,28 441,43 496,20 786,33
18: 48,7 50,8 93,40 127,5 152,9 310,17 389,42 409,49 511,5 590,10 595,49 725,22 740,31 956,3
19: 36,24 44,18 80,21 103,38 138,8 163,29 181,11 563,39 714,44
20: 259,41 556,45 622,39 726,28
21: 909,47
22: 148,25 360,27 491,12
23: 104,10 277,41 286,2 341,35 393,3 434,27 534,42 566,41 637,19 639,8 672,14
24: 26,36 41,39 50,2 308,1 329,49 607,9 671,30 936,44 968,7
25: 23,38 27,47 38,37 44,8 90,21 102,10 107,28 110,18 150,47 189,0 218,44 282,8 312,12 331,35 365,4 413,15 425,17 429,19 431,25 432,28 492,23 527,23 634,18 669,31 711,33 751,28 763,12 768,24 884,37 951,31 955,14
26: 6,13 41,43 107,48 244,44 318,37 415,25 424,31 459,43 464,30 469,26 518,27 540,30 567,6 621,18 639,44 644,8 698,33 720,48 741,32 752,22 765,32 786,40 796,14 845,41 876,6 905,11 997,12
27: 359,46 367,0 717,10
28: 493,8
29: 314,36
30: 250,30 520,25 709,30 717,17
31:
32: 47,49
33:
34: 35,7 89,1 100,42 140,46 146,14 154,22 255,36 326,14 327,18 329,20 365,4 387,14 439,21 449,19 492,49 506,49 535,27 538,16 549,22 564,35 592,47 605,45 695,18 707,30 722,4 752,16 761,18 774,32 803,9 840,19 844,40 849,28 938,9 939,7 970,12 979,36
35: 658,49 989,37
36: 414,31 454,6 532,23 623,12 636,1 933,38 969,37
37: 188,0 236,6 436,35 509,38 734,42 787,21 794,28 812,23 824,22 850,19
38: 289,25 301,28 477,0 514,4 661,28 725,13 927,34
39: 313,49 443,29 447,44 614,29 732,6 810,19 817,48 879,45
40: 755,11
41: 407,20 411,1 659,14 703,27
42: 36,35 367,45 400,8 840,1
43: 5,10 53,29 274,6 389,47 436,32 464,31 487,17 573,37 576,8 601,46 605,2 685,48 720,9 845,13 882,48
44: 42,0
45: 70,13 124,36 125,2 560,41
46: 12,24 13,38 18,7 135,29 191,46 291,34 292,36 300,4 411,31 433,38 463,25 540,20 551,33 589,27 634,39 655,3 677,34 713,14 716,40 798,38 802,10 883,36 899,44 921,42 971,23
47: 19,38 120,44 240,20 477,43 697,22 750,35 822,38
48: 123,2 294,8 345,34 460,12 472,20 636,21 873,39
49: 26,16 86,19 97,9 124,47 126,17 131,46 154,30 179,18 189,21 248,0 280,32 296,20 299,42 332,15 430,44 519,3 535,1 561,21 581,23 582,35 587,1 613,22 618,34 619,41 621,14 665,14 680,16 695,3 726,35 786,12 789,23 792,8 824,43 847,23 960,26 968,38 969,34 970,43
50: 244,30 398,10 525,27
51: 306,23 312,12 645,49 772,19 943,25 998,17
52: 21,40 92,32 156,30 159,29 413,33 801,35 864,4
53: 41,27 62,36 88,9 147,30 171,16 197,7 218,7 222,7 283,47 352,6 530,48 557,26 610,2 615,36 648,2 655,42 656,37 666,42 696,21 717,20 720,35 722,33 731,6 749,8 809,24 863,41 916,8 945,32 963,9
54: 117,43 316,15 411,13 495,20 547,34 631,24 674,21 748,4 796,25 902,26 922,24
55: 139,12 140,8 242,25 473,31 593,17 645,12 670,19 709,18 771,34 813,34 887,40 913,40 968,1
56: 134,35 201,6 209,25 279,32 321,32 341,0 366,42 376,13 814,32 854,37
57: 891,2
58: 29,34 394,20 827,29
59: 559,30
60: 140,21 258,14 347,11 350,11 351,34 754,4 872,2 931,46
61: 54,21 74,25 194,44 277,12 350,25 435,29 512,10 574,27 614,44 620,33 630,9 648,11 748,30 770,24 862,7 893,7
62: 94,15 128,21 277,27 309,24 364,41 464,23 575,2 744,6 851,7 890,49
63: 15,25 62,32 91,0 184,9 221,20 226,46 240,28 324,4 336,6 374,46 414,7 422,26 430,23 551,49 632,46 645,22 652,26 666,10 688,0 835,8 855,35 905,24
64: 14,1 33,14 138,12 142,2 207,35 234,45 264,3 290,10 332,32 347,31 387,22 423,2 430,5 434,44 444,26 476,9 487,5 488,29 497,28 568,43 582,18 644,14 660,18 674,29 695,25 709,1 720,49 721,40 807,15 896,1 903,13 993,48 997,0
65: 37,5 277,8 299,46 362,42 595,21 607,49 623,20 628,43 709,24 784,19 805,36 928,45 957,0 964,39 984,29
66: 103,49 156,25 175,30 191,0 493,45 882,0
67: 295,29 611,8 725,14 804,10
68: 604,15
69: 37,21 57,17 255,5 273,6 314,7 393,9 441,43 651,37 705,32 883,25 914,10 924,20
70: 202,21 263,16 479,44 571,26 653,39 888,14 920,37
71: 681,4
72:
73: 4,5 18,29 36,12 64,6 84,13 124,46 170,35 312,13 339,42 384,19 466,21 481,35 491,11 523,11 673,30 677,37 718,0 769,16 791,26 816,18 827,11 909,40
74: 60,36 282,12 299,3 307,43 308,2 316,1 348,2 393,27 419,46 425,0 467,5 517,26 560,32 607,11 639,25 733,42 789,37 790,16 824,13 893,44
75: 71,11 108,48 247,43 255,49 328,12 332,13 337,17 343,30 352,20 417,9 419,16 440,6 442,16 498,42 531,10 664,10 671,21 700,23 720,18 758,16 760,12 940,39
76: 24,35 74,3 84,44 146,21 280,34 291,36 490,4 522,38 722,24 769,31 818,16
77: 558,37 567,9 641,14 935,24
78: 35,47 76,39 103,45 180,40 197,23 212,28 235,3 298,38 308,22 363,14 370,45 415,29 429,0 433,20 439,2 444,22 453,25 455,44 471,27 472,27 489,20 514,43 516,26 546,26 593,38 601,2 602,16 625,16 629,40 647,49 664,17 728,22 757,9 760,37 769,8 777,45 780,0 783,42 795,22 826,46 859,11 865,47 890,28 957,31 971,19 976,15 978,30
79: 607,42
80: 740,35
81: 52,19 88,7 122,6 224,38 276,45 304,6 309,36 329,47 333,22 411,33 489,32 545,4 610,27 617,4 623,24 664,3 728,34 762,14 805,17 851,47 932,38 937,16 960,27
82: 187,48 476,14 752,9 840,16
83:
84: 36,48 73,43 78,28 111,39 185,17 214,40 216,45 305,18 378,37 387,45 400,20 881,1
85: 292,39 718,33
86: 483,22
87: 33,29
88: 431,20 543,11
89: 88,13 135,6 167,4 208,7 231,9 249,24 446,18 493,38 524,16 535,40 598,26 641,23 717,28 766,39 817,7 959,35
90: 10,39 164,14 234,43 322,6 411,10 855,27 892,4 933,3 974,18
91: 171,11 181,0 296,2 363,47 389,29 515,44 760,0
92: 52,35 209,0 243,42 286,10 337,36 415,5 430,20 483,41 514,3 542,49 566,29 701,37 730,27 733,19 803,27 913,13 920,36 941,16 948,5 968,45 969,17 986,33
93: 3,13 6,29 57,0 185,26 479,45 654,10 751,44 759,9 765,7 770,48 839,22 921,34 972,30
94: 6,41 95,29 108,25 123,47 231,23 237,2 341,49 343,2 454,13 504,29 544,38 709,44 767,33 794,18
95: 4,37 88,5 228,49 235,13 473,17 492,16 510,41 511,21 544,12 572,15 608,39 713,5 737,47 773,30 804,40 814,18 966,30
96: 342,20 407,25 770,2 907,31
97: 0,17 18,3 31,6 32,18 43,27 47,21 56,8 108,39 119,1 172,28 284,21 303,45 315,20 323,37 328,30 339,42 346,16 387,43 395,28 474,46 505,16 520,17 552,26 555,30 559,46 603,24 628,20 636,3 638,12 640,36 650,8 658,33 676,15 695,14 708,16 723,10 731,9 745,4 750,34 769,16 774,6 781,24 788,10 805,40 814,25 819,17 837,16 913,47 924,7 942,31 952,30 972,46 978,29 987,42
98: 126,12 312,24 313,43 317,45 389,41 392,37 457,7 682,49 755,33 757,43 803,23
99: 67,48 223,23 610,41 701,37
100: 136,23 148,37 176,22 225,48 373,35 389,6 435,36 440,13 454,18 492,4 493,3 511,14 536,24 620,37 648,6 658,40 766,16 828,14 830,20 860,13 862,34 932,45 945,46 987,15
101: 13,25 71,48 122,40 299,14 397,2 521,20 534,31 671,15 714,45 715,1 974,0
102: 64,38
103: 5,38 14,38 16,46 59,8 174,22 191,0 209,18 412,37 430,26 440,32 552,34 596,38 656,48 760,20 789,47 861,32 863,29
104: 39,8 40,40 54,24 115,6 126,2 134,3 177,14 246,23 274,18 325,5 365,8 392,33 397,3 478,30 568,41 574,28 599,38 627,11 697,31 770,2 788,11 855,22 890,31 922,0 934,31 962,35 983,7
105: 195,14 314,9 364,14 534,9 551,0 571,38 584,41 673,49 698,6 725,29 738,46 967,10 976,24
106: 35,32 57,37 78,4 110,42 275,7 289,38 385,13 473,44 529,48 553,14 683,18 734,32 744,15 757,41 769,15 901,34 938,32 952,18 964,31 971,26
107: 228,24 953,15
108: 308,28 849,0
109: 2,7 3,0 56,48 90,30 151,8 154,35 161,34 200,21 230,16 295,36 317,16 358,21 429,47 449,22 493,11 515,21 533,35 538,27 546,42 591,24 638,39 651,41 687,41 779,26 802,41 889,18 981,28
110: 322,7 413,40 469,38 527,13 629,21 727,37 968,5 990,32
111:
112: 477,1 498,12 645,25
113: 183,22 446,5 513,49 638,42 820,17 964,26
114: 141,37 168,19 177,11 216,42 289,8 378,4 388,12 703,41 866,24 877,35
115: 75,17 215,32 243,36 856,42 946,30
116: 201,2 422,49 458,35 490,5 666,27 741,46 891,1 936,16
117: 67,5 68,4 98,47 131,13 185,38 226,47 230,16 238,8 241,31 244,32 275,14 283,8 289,31 307,18 336,48 344,10 353,45 362,41 404,20 448,45 509,8 513,9 514,3 515,30 587,10 605,40 622,6 642,12 681,18 702,22 715,26 731,20 850,14 852,8 907,28 935,6 968,6 971,44 989,22
118: 243,18 729,15
119: 32,0 81,12 92,36 155,13 177,17 338,31 348,37 384,1 411,38 422,42 492,20 510,45 544,7 591,10 594,15 628,9 674,48 735,6 805,0 820,25 824,22 856,33 868,22 913,44 949,37 981,45
120:
121: 39,47 109,20 265,23 318,17 375,17 655,26 664,13 677,31 703,36 726,4 807,18 930,46
122: 6,45 398,28 733,15 859,48
123: 67,5 603,47
124: 258,6
125: 130,31 312,14 597,14 695,44 702,22 796,5 846,24
126: 34,35 37,29 40,18 90,19 167,1 182,40 188,3 189,9 190,30 239,44 240,5 435,28 444,47 503,14 598,7 694,28 741,22 926,28
127: 87,45 126,18 163,26 195,21 196,2 210,32 252,7 403,21 433,43 444,49 493,42 553,8 585,25 600,49 631,29 666,48 706,18 769,19 801,40 827,37 943,27 968,43
128: 73,45 520,36 589,21 828,31 916,27
129: 2,41 230,1 353,49 653,24 830,25 899,27
130:
131: 84,35 150,15 253,44 337,19 902,44 976,7
132: 185,2 347,32 439,48 469,46 496,31 500,41 524,34 896,0
133: 21,34 200,36 206,43 917,36
134: 151,40 218,38
135: 42,48 50,18 54,2 199,14 272,2 273,0 275,3 331,38 335,0 368,26 381,14 437,35 532,38 553,23 577,2 583,29 595,25 772,11 793,49 812,12 817,31
136: 495,1 527,33 672,32 870,49 901,4 944,2 945,37
137: 765,0
138: 13,31 112,16 125,48 665,35 714,12 721,6
139: 872,31 927,16 978,20
140: 878,17
141: 150,19 424,5
142: 496,12 686,29 760,35 885,33
143: 16,40 140,14 231,21 406,17 425,4 493,18 632,8 643,0 646,29 691,45 791,6 938,9 956,26 959,0 983,29
144: 102,24 104,43 167,19 628,20 635,21 799,27 856,44 860,41 936,46 944,26 996,10
145: 22,22 64,11 77,38 132,12 215,40 613,42 632,23 676,44 696,23 700,11 844,17
146: 21,42 107,38 437,3 466,49 494,43 592,2 653,43 717,11 769,24
147: 2,12 6,27 168,38 181,11 237,1 293,14 319,22 445,36 514,37 650,31 722,12 730,13 743,6 751,46 778,10 798,46 819,20 824,26 826,13 834,6 835,45 854,18 860,18 861,24 911,42 924,15
148: 48,28 50,9 132,0 134,14 173,24 213,33 216,28 687,12 919,19 961,4
149: 200,14 239,26 264,44 371,28 664,22 675,40 699,10 714,34 858,43
150: 623,34 674,44 939,40
151: 189,12 515,7 649,14
152: 374,37 465,1 591,19 738,9 868,16 984,47
153: 73,32 88,34 110,1 166,17 293,0 406,4 497,13 588,0 680,15 768,46 794,1 952,21
154: 216,7 248,24
155: 129,46 544,15
156: 5,31 80,12 505,18 561,11 701,12 819,23 836,41 841,17 996,43
157: 520,16 626,36 691,41 819,3
158: 15,28 91,18 93,38 108,42 124,46 143,21 156,32 165,33 182,9 253,49 259,14 289,35 336,22 342,23 343,14 399,20 415,2 443,27 464,43 474,40 502,31 503,35 532,7 564,36 579,31 634,37 693,15 757,5 782,19 804,34 813,29 913,33 914,11 953,24 962,16 979,49
159: 5,0 6,16 31,34 100,44 171,17 200,14 244,30 258,15 265,24 297,14 483,16 509,38 526,16 563,23 740,33 954,48 986,37 991,37
160: 239,42 318,3 320,39 396,32 609,9 634,19 722,23 736,33 775,46 785,14 837,23 844,8 875,43 922,48 936,34 937,38 974,15
161: 523,10 778,34 853,7
162: 1,1
163: 884,8
164: 94,33 119,16 120,41 126,3 318,10 399,38 426,10 439,34 446,5 485,45 489,46 588,5 643,38 672,47 685,25 691,4 715,14 890,43
165: 34,22 35,29 95,30 182,43 225,47 323,8 344,40 389,39 399,4 423,1 511,33 516,42 810,46 885,42 965,4 974,25
166: 123,28 285,26 460,33 684,30 697,26
167: 245,48 808,35 884,20 914,41 921,45
168:
169: 245,18 302,28 692,31 956,27
170: 5,39 376,5 599,30 781,1
171: 72,44 219,10 501,23 820,19
172: 48,34 228,13 549,10 574,0 628,3 653,22 747,24 756,20 804,19
173: 67,37 126,45 160,17 165,24 234,16 373,0 397,35 439,35 441,21 457,5 545,41 546,31 552,43 567,49 572,40 635,16 664,23 667,0 801,43 870,22 936,2 968,49 971,12 982,42
174: 45,20 73,7 920,12 943,1 984,7
175: 145,32 278,31 535,40 551,32 652,36 653,2 727,40 808,4 881,11
176: 385,40
177:
178:
179: 25,29 49,43 133,34 170,38 267,5 300,44 311,12 322,20 443,20 490,6 492,46 493,6 505,12 508,1 535,27 540,13 599,16 644,48 645,23 705,30 739,28 747,45 865,34
180:
181: 23,3 46,18 71,32 75,41 77,18 99,19 122,0 156,21 189,12 196,0 214,43 261,35 348,26 352,21 386,35 387,26 398,49 422,42 433,7 443,37 462,27 504,43 581,19 641,28 648,42 667,38 754,26 811,24 812,43 878,25 893,38 953,32 955,42 958,49 967,5 981,20 995,18
182: 142,46 311,14 312,47 315,0 327,43 399,11 418,41 424,20 455,19 639,14 731,35 797,31 798,26 831,7 837,16 857,26 875,46 908,44 946,28
183: 75,43 326,30 581,47 647,36 724,19 733,5 739,40 750,0 940,19
184: 104,3 371,46 575,46 761,22 828,24 837,17 928,8
185: 150,42 326,4 329,42
186: 43,23 192,18 309,33 317,12 375,4 513,11 641,14 690,14 873,10 874,37 896,44 967,32
187: 548,44 857,27 906,30
188: 741,4
189: 48,46 203,45 227,36 279,6 282,41 355,28 371,47 487,17 595,33 604,31 623,42 757,37 758,12 784,8 882,38 917,35 927,5 977,12
190: 172,31 549,37
191: 231,39 283,45 411,21 433,26 540,38 593,37 767,36
192: 26,13 225,38 272,23 306,0 391,11 577,4 688,14 703,20 792,28 860,49 875,5 900,38 974,0
193: 121,43 341,14 499,8 554,16 569,2 764,10 826,41 895,4 972,32
194: 578,41 902,23
195: 18,44 47,6 211,8 337,24 352,14 412,23 421,21 470,20 563,24 603,44 606,37 625,23 884,15 915,2 950,11
196: 258,37 343,13 384,24 680,10 990,14
197: 35,39 113,8 339,24 466,31 508,40 737,22
198:
199: 100,11 159,26 379,25 385,21 467,33 988,4
200: 890,8
201: 850,14
202: 40,14 266,39 353,42 389,10 573,27 584,24 670,1 723,24
203: 101,16 401,1 696,6 708,1 929,7 985,25
204: 78,31 148,22 161,19 175,42 221,21 317,44 322,39 774,39 797,8 809,23 830,17
205: 288,13
206:
207: 154,46 634,24
208: 450,33 626,28
209: 6,41 118,26 259,29 718,25 997,23
210: 280,1 398,24 400,1 472,6 487,33 493,38 868,2
211: 881,33
212: 260,33 430,11 432,10 540,44 554,25 561,32 671,45 768,24 773,29 781,4 784,40 857,2 881,16 887,44 893,45
213: 165,8 168,11 263,44 364,27 400,37 414,8 479,32 705,2 926,12
214: 26,38 39,17 54,46 103,28 104,20 177,14 203,19 268,36 292,26 326,39 420,17 439,46 460,37 563,38 648,15 656,41 687,41 755,26 765,33 772,41 795,8 805,21 820,4 829,13 899,32 989,17
215: 19,27 54,8 86,7 205,20 219,19 338,28 388,46 391,0 423,42 439,34 447,25 463,9 514,43 576,18 598,6 602,2 610,19 620,4 625,15 675,5 748,9 765,24 823,3 954,38
216: 92,37 116,34 137,35 178,47 295,21 347,44 397,39 428,7 437,20 459,39 546,14 605,4 626,33 633,49 703,5 722,34 990,10
217: 19,29 24,43 94,46 95,49 280,9 310,27 409,6 494,37 496,28 529,19 586,28 621,38 629,47 715,28 729,44 732,16 751,18 829,24 868,4 931,10 968,35 988,10
218:
219: 5,34 924,6 955,17
220: 11,37 77,37 122,2 260,47 272,32 290,2 462,2 529,30 549,1 671,35 681,6 700,38 766,3 841,9 909,44 933,41 947,43 953,27
221:
222: 67,47 172,8 173,12 216,34 257,6 276,9 408,5 522,29 665,6 702,0 712,17
223: 122,28 252,21 306,24 311,42 324,36 409,9 564,30 646,36 730,42
224: 59,41 79,3 97,32 167,25 181,28 197,31 199,19 256,48 306,13 341,44 356,29 357,18 435,15 439,11 448,22 495,41 553,33 554,0 569,24 593,8 670,42 671,36 742,34 772,36 778,45 851,35 856,5 862,14 871,30 885,32 931,17 946,5 967,14
225: 48,15 601,15 694,37 715,19 824,32 924,6 952,1
226: 65,26 66,8 113,23 114,41 241,42 251,26 527,32 546,4 594,1 633,33
227: 167,14 206,14 207,5 222,21 225,30 261,18 272,16 283,16 296,17 306,34 307,36 315,17 318,11 348,37 372,43 420,37 423,16 424,46 425,42 437,28 442,21 444,20 547,46 601,48 626,42 628,26 661,38 689,15 694,3 725,30 728,27 751,5 764,40 786,26 807,19 810,31 830,22 835,45 840,43 843,6 902,2 921,28 993,36
228: 37,22 241,41 275,20 286,16 360,13 458,11 615,4 941,30 969,25
229: 297,26 460,40 704,35 735,10
230: 206,40 348,25 474,46 553,8 714,39 979,38
231: 125,35 411,22 628,17 688,25 853,30
232: 130,8 281,32 395,29 396,39 397,13 612,46 653,21 704,27 869,10 984,28 985,40
233: 133,44 180,46 264,5 480,23 516,25 600,45 728,36 784,15 995,8
234: 842,47
235: 84,2 175,22 215,44 266,35 288,41 348,42 394,48 520,19 550,41 595,34 627,44 651,13 698,5 753,34 816,41 870,16 899,22 929,19 930,13 948,32 977,40
236: 27,16 43,0 44,47 93,16 113,34 139,13 160,29 172,31 190,40 232,35 241,42 244,49 257,30 258,13 422,40 426,44 448,20 490,36 588,8 593,34 654,27 719,8 727,40 729,44 743,26 777,12 833,3 836,1 846,33 924,3 945,43 965,38
237: 656,32
238: 5,8 52,36 72,47 97,27 145,23 161,37 188,23 214,44 221,18 292,15 334,33 339,31 379,49 398,43 414,17 427,22 447,20 471,4 472,42 537,16 551,18 577,30 593,18 601,2 706,35 801,39 853,46 872,25 876,46 915,18 923,48 932,33 952,6 979,19
239:
240: 7,49 34,41 393,36 457,35 465,17
241: 24,38 165,44 402,47 489,7 676,39 699,27 947,42 954,41 973,5
242: 3,30 86,39 133,4 302,24 488,38 489,32 514,22 568,44 608,16 659,45 745,16 813,43
243: 99,9 140,14 243,1 258,25 340,19 423,23 444,30 474,23 557,37 584,4 613,31 623,38 628,18 674,27 678,7 694,43 746,17 763,33 930,14 938,28 969,11
244:
245: 72,7 173,13 206,26 242,22 269,23 283,27 325,11 406,20 451,3 503,5 508,49 607,4 628,3 637,7 665,43 706,43 812,8 854,19 926,33 951,10 994,21 997,38
246: 80,0 108,19 126,38 138,32 152,10 259,44 335,48 411,31 436,34 445,23 477,34 546,8 573,34 760,14 761,47 824,48 877,20 933,27 970,3
247: 202,33 655,25
248: 938,20
249: 1,39 4,49 9,8 46,15 80,41 82,39 138,16 141,21 150,17 242,10 306,47 385,47 406,46 407,28 441,8 514,35 519,33 552,25 615,5 629,44 673,24 728,24 742,28 762,13 777,25 797,38 802,7 806,29 823,26 904,13 918,25 921,41 939,17 995,11
250: 346,2 418,5 569,24 603,6 684,30 699,41 730,46
251:
252: 8,12
253: 38,21
254: 208,21 496,10 509,28 810,26 812,28 889,49
255: 21,28 41,19 89,45 266,3 356,46 449,21 486,47 518,12 619,6 650,0 660,8 670,2 789,22 858,22 872,42 978,46
256: 241,15 262,43 402,15 420,39 527,23 550,25 669,49 742,5 869,12
257: 314,44 412,43 551,22 702,47 796,4 833,35 862,16 983,43
258:
259: 57,38 58,42 476,19 762,39 768,12 870,6 972,43
260: 21,16 71,43 128,3 155,5 156,8 157,36 193,15 269,47 387,43 517,35 537,41 563,40 571,42 591,3 679,39 719,47
261: 66,7 223,43 449,37 504,45 521,40 627,3 730,38 814,48 823,5 984,48 996,34
262: 6,10 122,33 204,23 314,35 457,43 733,42 793,43 829,18 956,35
263: 54,31 79,38 272,10 539,17 580,45 611,4 617,17 621,43 872,32
264: 62,8 157,35 225,37 406,37 563,16 601,25 785,42 837,26
265: 572,12
266: 80,31 170,40 195,44 380,34 564,3 598,26 707,30 742,9 820,42 844,19 856,44 912,39
267: 175,6 355,12
268: 202,21 224,4 771,32 792,38
269: 243,28 484,4 486,14 942,23
270:
271: 26,47 118,4 155,42 293,29 749,46 993,21
272: 3,35 6,15 42,42 63,17 104,33 117,12 125,20 210,40 278,42 397,12 400,38 404,14 476,32 503,19 701,6 743,39 745,45 848,40
273: 0,24 24,17 49,6 53,12 151,30 157,2 165,4 172,49 263,4 278,34 283,9 327,4 405,37 467,27 584,45 595,10 633,46 645,24 657,11 669,32 687,11 699,3 729,47 753,11 777,13 844,1 869,3 870,26 900,44 902,0 965,15
274: 390,45
275: 384,45 424,19 453,5 482,2 499,2 570,14 618,19 688,46 812,48
276: 67,33 293,7 840,1 989,49
277: 3,28 150,1 289,22 374,37 395,28 462,12 644,15 803,11 905,2 907,30
278: 187,34 685,31 779,29
279: 16,0 32,33 58,35 77,20 144,39 145,15 189,10 215,5 273,37 280,15 288,27 304,40 365,34 407,8 422,12 444,44 497,36 510,29 605,10 628,17 654,26 665,48 714,29 747,48 846,37 853,34 952,38 990,11
280: 21,22 312,15 358,19 390,38 401,7 534,3 553,7 733,42 899,29
281: 18,39 25,19 61,6 78,19 108,47 159,5 318,46 372,26 406,46 417,6 518,25 635,29 645,17 912,22 971,14
282: 189,35 192,16 207,24 254,22 280,42 667,23
283: 45,12 73,39 158,17 223,9 271,12 352,44 423,34 448,26 452,2 454,46 504,26 604,36 632,45 661,14 680,14 960,8
284: 55,31 211,30 223,42 407,27 555,43 562,27 613,32 657,23 667,30 672,20 676,5 782,19 783,19 786,41 803,18 827,31 976,32
285: 40,31 93,20 103,18 172,34 243,48 392,21 421,2 435,45 453,31 632,27 639,38 667,43 756,22 916,13 926,39 967,15 976,46 996,28
286: 11,26 86,20 663,46 694,39 767,48
287: 185,38 188,42 196,14 274,47 316,14 421,40 454,20 522,42
288: 2,7 10,27 18,23 78,4 105,20 147,27 235,21 401,19 555,32 604,27 606,26 626,21 656,43 749,10 830,29 870,49 892,16 942,37 976,17
289: 219,25 527,31 718,2 870,36 984,3
290: 87,26 88,15 110,30 120,41 127,39 159,28 172,49 182,41 188,46 209,0 265,31 281,3 309,14 338,29 391,26 456,2 607,0 711,24 716,11 749,43
291:
292: 15,30 212,30 234,22 710,41
293: 582,31 798,2
294: 97,8 730,11 819,28
295: 146,42 230,9 257,8 284,10 416,0 432,22 543,1 626,28 714,31 715,29 727,28 812,37 891,45 981,34
296: 167,34 227,27 293,8 332,24 452,3 471,19
297: 968,9
298: 9,0 70,27 182,15 280,1 291,24 298,8 307,27 420,17 447,29 544,43 627,36 954,46
299: 39,6 49,9 101,26 164,1 365,21 451,18 733,8 823,30 945,2
300: 362,43 629,35
301: 252,49 261,23 463,1 735,2 784,11 813,44 917,28 937,44
302: 88,12 180,7 227,25 295,39 329,1 342,16 346,11 377,9 382,41 414,25 482,16 488,48 499,41 522,8 548,36 645,28 697,0 702,2 762,19 790,10 838,49 951,1 975,25 980,30
303:
304: 36,4 49,0 72,24 78,6 80,45 134,6 177,4 180,7 230,13 403,1 414,26 469,24 483,21 563,25 584,24 646,26 660,29 701,7 702,47 753,40 782,1 841,2 904,23 920,43 979,37
305: 133,12 183,35 487,33 548,40 666,9 852,48
306: 204,36 279,12 374,30 398,20 408,32 461,33 482,0 508,42 657,44 686,48 694,33 711,42 794,21 807,6 869,36 877,24 887,45 992,29
307: 4,33 405,46 412,17
308: 17,41 53,41 105,24 133,7 141,18 187,7 195,3 197,47 231,31 328,14 334,16 394,6 430,9 438,7 511,43 516,16 574,43 579,31 593,44 661,6 688,5 711,28 721,42 731,11 812,25 849,14 873,37 917,8
309: 117,32 150,25 266,18 296,0 314,30 327,23 369,44 401,29 483,19 566,41 607,49 727,0 803,5 917,26 923,18
310: 381,45
311: 216,49 346,10
312: 42,8 76,49 109,17 158,34 177,42 192,14 216,18 232,1 245,48 265,31 311,44 334,44 393,26 470,48 471,14 502,10 555,36 662,24 715,20 720,12 741,40 757,19 772,37 834,13 896,7
313: 255,21 498,0
314: 98,35 698,17 769,46
315: 0,45 34,26 102,16 114,47 208,21 209,1 249,43 270,19 283,11 296,32 319,0 350,17 499,20 552,4 586,15 590,26 600,32 604,3 620,18 654,43 674,24 676,40 717,2 729,26 765,24 800,3 828,25 904,40 906,42 942,29 972,3
316: 463,43
317: 52,3 151,6 188,35 281,21 282,14 288,31 458,13 515,46 785,36 798,10 864,18 879,1 919,22 984,35
318: 94,48 375,19 591,39
319:
320:
321:
322:
323: 832,11
324: 22,23 33,49 56,7 148,48 179,15 245,3 307,2 332,2 360,14 431,28 458,23 488,33 510,13 556,16 564,10 582,31 584,9 636,45 645,36 656,38 672,40 690,47 703,32 724,0 731,39 732,35 743,37 815,43 830,48 861,25 880,47 895,33 915,2 934,18
325: 9,26 75,45 926,47
326: 176,16 286,5 554,31 566,46 682,25 691,49 703,31 756,28
327: 267,48 348,2 522,8
328: 247,17 816,6
329: 150,23 154,41 390,33 459,49 748,33 756,3 934,29 959,5
330: 255,27 342,9 359,3 385,47 405,2 416,31 425,22 449,22 506,37 573,48 597,2 614,43 671,41 749,36 775,1 796,16 823,14
331: 537,40
332: 56,21 140,29 301,48 538,10 999,8
333: 224,33 338,46 630,38 660,28 770,17 829,8 989,7
334: 12,31 66,17 71,37 97,23 350,24 401,15 407,26 450,25 593,39 660,23 716,20 719,25 727,11 848,24 850,31 862,11 884,47 885,6 909,0 931,12 988,40
335: 2,15 18,31 29,38 42,9 51,3 94,36 110,31 135,45 173,17 176,24 188,27 262,27 340,46 355,44 378,42 380,43 415,20 442,27 449,19 474,27 511,39 512,4 513,38 523,16 528,13 547,48 566,7 594,3 624,2 667,27 691,20 701,26 724,27 767,28 771,34 782,20 787,26 790,21 836,0 872,42 876,25 888,47 913,20 927,17 952,28
336: 280,27 371,21 376,25 405,15 416,25 456,46 493,48 609,5 629,10 633,0 672,40 682,31 683,30
337:
338: 4,33 131,46 334,42 424,18 594,13 629,30 760,18 769,9 995,5
339: 162,40 212,7 265,44 559,12 931,49 983,32
340: 65,29 613,21
341: 183,33 535,30 691,13 744,9 779,33 788,33
342: 26,31 53,48 133,34 157,16 161,43 169,42 199,3 265,3 397,17 412,33 414,19 425,43 427,0 461,26 490,20 491,1 616,30 643,23 687,31 854,0 945,0 956,16 966,15 995,41 997,18
343:
344: 333,12 464,27
345: 154,23 256,32 297,16 531,49 714,44 728,48 755,34 969,27
346: 95,35 762,14 793,35 910,34
347: 30,46 102,46 276,46 291,11 341,41 378,26 381,28 468,6 576,39 578,31 619,13 751,6 752,25 825,28 837,18 915,42 947,25 951,24
348: 46,14 208,11 216,8 235,35 265,31 594,36 941,39
349: 16,20 49,28 82,18 187,22 238,20 258,15 288,37 334,3 350,18 356,39 358,34 398,2 403,32 434,36 447,21 495,11 686,6 738,47 776,20 782,20 845,38 867,30 921,38 994,47
350: 67,6 268,37 325,21 453,43 469,16 627,19 665,26 764,48
351:
352: 12,6 71,20 75,17 101,1 111,20 116,25 132,17 185,20 218,33 262,26 272,35 285,28 291,3 301,0 363,40 391,21 431,26 463,35 490,13 491,9 554,14 572,36 592,45 661,23 668,35 697,32 929,32 984,22
353:
354: 97,35 103,28 131,45 289,19 339,48 420,10 441,47 521,37 650,1 671,35 741,5 809,26 823,25 874,6 875,12 951,8 973,47
355: 160,7 162,10 292,29 323,36 416,47 427,16 510,14 643,9 690,40 740,47 775,26 851,30 896,20
356: 54,11 158,44 216,23 541,2 801,5
357:
358: 69,15 160,19
359: 1,4 4,4 5,11 17,40 25,33 30,9 31,23 72,25 77,13 96,45 107,14 119,5 229,5 258,15 372,18 392,41 400,4 408,46 428,44 449,10 479,30 486,1 509,8 557,46 584,44 588,11 603,37 656,34 673,17 703,23 726,14 730,9 840,45 847,13 960,47 971,44
360:
361: 197,45 358,48
362: 263,9 293,47 393,32 588,36 635,37 682,42 817,27
363: 37,23 64,43 92,23 487,29 770,46 783,7
364: 185,13 186,32 220,34 323,4 415,17 499,14 594,33 601,9 609,10 620,32 632,8 663,31 711,43 755,4 799,28 970,29
365: 70,45 117,36 257,27 320,22 362,1 513,32 579,22 790,15 812,5 820,36
366: 10,47 17,6 73,20 112,25 136,49 152,39 274,35 283,11 459,14 474,12 478,25 546,2 595,11 596,7 615,40 623,17 767,46 824,30 909,13
367:
368:
369:
370: 561,40
371: 18,46 190,7 191,23 197,34 319,22 380,28 491,9 557,3 572,12 590,5 657,29 694,36 752,14 763,2 777,34 876,24 930,36 960,48 993,28
372: 22,26 204,47 268,48 314,34 324,15 427,13 432,21 579,23 643,40 646,17 710,43 786,30 887,6 980,28
373: 216,20
374: 115,41 308,14 350,45 516,2 668,36 702,7 727,5
375: 27,0 117,17 227,26 305,6 321,8 359,13 399,17 416,27 657,28 687,16 766,22 789,2
376: 9,43 71,37 89,8 101,5 236,22 251,6 254,44 291,36 333,42 354,33 420,30 533,43 540,26 549,10 581,32 597,48 653,1 690,12 734,35 773,2 774,45 827,0 889,8 913,25 995,20
377: 66,45 154,12 221,30 254,13 284,43 307,21 315,29 331,20 468,45 528,36 559,48 608,11 664,5 684,45 727,25 798,1 887,9 928,40 935,2 947,38
378: 134,12 150,17 317,18 395,24 434,10 710,5 845,4
379: 297,24 350,30 531,18 594,26 713,48 784,42 847,10 885,5 911,46
380: 0,16 203,40 262,7 298,34 450,22 500,14 525,4 668,29 737,21 784,9
381: 46,18 309,45 457,31
382:
383:
384: 147,27 148,43
385: 184,36 452,5 741,33
386: 7,44 152,25 190,3 224,23 385,48 565,37 722,20 942,6
387: 27,46 47,10 53,6 114,42 242,5 391,36 603,21 610,17 715,46 753,4 785,9 836,15 856,10 872,33 975,14
388: 437,41 499,13 604,20 652,30 764,6
389: 34,15 112,14 245,18 448,29 583,19 744,33
390: 153,39 484,13
391: 104,4 503,23
392: 116,46
393: 6,40 55,37 130,35 148,16 149,4 220,6 247,33 305,37 315,33 359,26 363,42 380,14 561,3 746,0 902,31
394: 72,26 127,11 218,17 257,48 293,34 357,48 611,31 719,21 856,32 974,24
395: 10,46 187,12 202,11 219,30 231,48 274,35 336,24 350,35 401,46 412,3 453,40 513,38 576,30 586,14 696,9 760,28 859,27
396: 190,33
397: 9,2 147,33 250,36 297,48 457,31 477,10 547,23 800,1 823,28
398: 107,14 149,48 263,39 349,46 539,13 710,1 810,14
399: 1,43 2,0 4,45 101,7 117,24 251,9 344,37 380,14 537,39 542,28 702,41 711,46 806,15 952,7 963,9 973,46 987,27
400: 253,10 557,18 622,37 658,25
401: 46,31 283,37 299,3 984,42
402: 373,33 405,15 495,44 695,17
403: 110,25 447,42 464,36 489,35 680,48 721,23 871,22 985,29
404: 290,37 317,44 391,31 413,18 447,34 501,8 520,9 576,17 591,4 606,22 623,2 765,37 863,33
405: 18,49 33,39 74,45 180,31 351,33 406,21 468,22 982,38 993,3
406: 57,27 877,46
407:
408: 26,12 371,44 462,38 617,8 647,2 649,8
409: 284,15 390,22 417,13 793,35
410: 70,31 99,44 125,32 223,26 264,47 322,19 330,29 485,44 489,17 537,42 609,0 703,32 726,45 870,17 887,6
411: 192,33 251,17 569,38 703,14
412: 23,0 29,26 74,42 87,5 102,36 118,3 153,2 326,10 382,29 462,9 479,30 506,36 573,9 595,26 615,46 759,0 768,8 832,17 984,29
413: 159,27 212,1 262,15 306,0 430,14 446,32 805,14 924,19
414:
415: 862,1
416: 266,30 326,34 395,20 443,12 619,8
417: 791,35 867,14
418: 536,41
419: 50,6 100,40 314,12 457,17 637,49 703,46
420: 154,6 209,2 313,11 332,33 417,18 666,19 868,10
421: 223,49 299,7 331,38 340,37 520,19 530,39 549,41 568,12 833,31
422: 185,17 190,27 303,28 351,21 356,44 397,39 431,9 484,25 620,38 882,16
423: 195,7 217,1 244,33 378,38 380,24 429,1 540,28 568,38 573,46 645,42 736,45 763,25 780,25
424: 4,15 120,41 214,16 431,17
425: 335,5
426: 8,19 167,47 207,1 219,46 274,4 289,15 290,8 293,45 502,5 587,26 706,3 730,32 820,41 823,29 842,28 906,12 919,14 927,40
427: 212,26 227,19 295,33 303,2 453,3 502,34 574,16 585,18 599,48 613,48 653,24 746,10 752,1 762,25 851,19 899,22
428: 7,27 95,47 104,1 136,4 143,8 243,13 251,41 258,48 267,42 296,37 335,22 339,32 356,45 366,38 429,14 453,19 519,31 522,15 581,29 597,23 612,32 626,32 653,42 656,21 665,45 684,20 733,12 786,34 787,16 803,29 889,35 901,41 912,25 918,22 935,44 952,3 962,42
429: 44,19 48,43 171,18 179,45 238,39 257,33 570,11 805,30 956,45
430: 63,10 73,49 132,44 164,35 202,35 231,31 279,24 330,41 371,33 387,38 459,20 460,35 507,40 549,23 769,19 783,27 855,40 894,1
431: 44,34
432: 5,45 22,20 70,24 114,19 197,4 235,16 280,19 338,20 369,43 399,15 510,3 518,34 588,46 631,6 638,32 830,10 926,25 946,46
433: 66,25 122,23 193,48 404,48 532,11 592,13 612,18 768,29
434: 95,22 159,39 168,4 211,4 270,0 404,19 441,19 472,14 496,6 505,2 564,39 601,8 719,16 734,26 735,45 741,11 776,12 803,41 819,38 829,33 831,22 865,15 905,36 930,35 951,6 964,8 973,32 995,25
435: 355,6 415,36 510,47 535,18
436: 352,17 436,4
437: 347,23 481,28 484,39 628,17 705,4 946,28
438: 274,0 292,44 458,16 553,48 707,9 759,41 804,11 920,12
439: 92,28 206,35 653,35 848,24
440: 46,2 244,30
441: 58,2 232,38 406,12 425,30 584,10 587,41 617,40 619,42 773,24 945,14 985,44 991,9
442: 25,26 80,10 402,32 463,17 745,44 996,20
443: 329,5 985,23
444: 26,49 66,47 67,42 131,25 146,49 152,2 183,7 224,12 296,23 347,5 388,47 427,18 505,16 519,32 532,14 543,28 607,41 627,46 635,9 646,29 700,9 716,13 740,14 775,26 813,30 859,18 868,36 918,2 962,47
445: 252,5
446: 104,24 391,0 513,47 669,32 691,26 710,31 713,28 787,30 862,32
447: 44,19 94,43 381,13 533,37 691,6 805,25 826,7 905,38 924,39
448: 131,25 597,36
449: 30,39 615,6 674,15
450: 9,12 25,12 50,34 83,28 107,43 260,12 433,25 568,49 706,30 811,17 969,18
451: 34,30 73,11 131,33 158,14 220,46 236,31 239,24 382,14 533,44 562,24 581,33 597,44 613,45 617,7 621,21 675,2 725,39 758,4 760,46 801,31 817,34 877,21
452: 491,49 518,23 603,47 836,45 870,27
453: 658,30
454: 228,28
455:
456: 351,36 393,41 550,40 554,22 578,14 679,10 843,13 867,14 997,38
457: 78,27 82,12 98,15 181,7 202,18 204,41 220,21 253,32 281,39 298,17 300,18 336,21 345,39 431,3 434,29 447,36 453,48 467,12 469,25 482,13 539,8 555,27 560,4 562,37 601,23 642,17 731,21 755,19 820,7 821,0 845,17 882,39 901,20 934,15 936,14 981,40
458:
459: 89,10 450,47 480,36 567,10 784,17 862,37 889,47 893,38 943,1 961,9
460: 150,39 492,39 549,38 630,26 805,0 835,7 936,0 941,17
461: 125,41 155,33 223,3 443,35 593,25 956,43
462: 13,10 68,35 233,32 253,21 469,14 512,21 624,0 733,20
463: 42,49 75,5 96,5 338,30 361,46 362,30 380,43 457,14 498,12 526,48 569,24 715,23 758,16 759,47 772,28 775,19 889,2 893,14
464: 11,47 35,46 79,30 198,9 212,35 214,22 216,40 278,47 282,49 327,37 332,49 337,36 396,42 440,36 465,38 477,23 502,18 598,25 662,44 746,3 758,3 823,47 894,26 911,15 933,44
465:
466: 77,48 219,29 230,36 274,26 283,30 406,32 445,41 798,29 801,13
467: 80,14 83,9 134,34 168,7 182,22 226,19 277,29 279,14 288,32 367,39 429,28 456,14 500,45 574,41 631,47 643,47 930,44 949,27 971,3
468: 114,12 609,37 791,9
469:
470:
471: 32,26 488,40
472: 454,22 889,12
473: 23,24 55,17 113,34 134,11 137,10 149,8 171,15 223,8 408,36 412,28 442,17 470,18 477,46 504,17 555,42 630,22 746,16 864,35 924,0 925,37
474: 495,25 639,6 666,40
475:
476: 6,20 34,3 225,14 336,1 341,27 369,40 566,14 621,30 643,36 748,16 834,0 921,3 951,40
477: 13,36 296,15 398,7 462,15 537,29 591,0 644,44 671,12 894,42 896,1 900,15 912,39
478: 223,0 334,21 440,26 471,3 483,37 581,38 834,4 849,24 933,21
479: 179,48 305,47 495,36 619,26 881,49 978,24
480: 296,24 326,3 470,11 814,18 903,7 965,0
481: 182,4 224,6 249,43 252,31 504,1 650,49
482:
483: 41,44 75,45 84,1 160,37 335,5 400,35 438,49 570,45 583,25 600,49 606,7 627,24 650,10 652,34 653,36 657,19 670,8 684,37 715,24 738,42 833,33 837,12 841,17 853,37 885,15 890,37
484:
485: 25,0 583,48 730,14
486: 103,20 126,48 146,34 296,47 311,21 595,38
487: 263,44 365,20 380,15 466,15 878,0
488: 13,45 71,10 125,43 159,25 163,34 221,43 226,38 239,19 315,17 361,17 371,20 379,28 445,11 559,23 629,49 721,39 830,17 850,14 908,28 958,36 972,17
489: 134,40 253,1 295,13 556,2 618,48 997,26
490: 59,47 72,41 104,16 110,2 115,36 127,5 203,0 238,46 242,8 310,12 342,33 377,2 499,13 626,36 710,36 723,15 824,3 917,46 968,2 981,45
491: 42,33 169,39 197,35 231,25 347,0 571,47 608,34 609,29 753,40 929,37
492: 39,48 55,16 63,37 110,9 111,11 145,41 150,25 247,25 286,43 402,45 414,46 491,47 492,41 518,2 534,22 547,25 548,4 562,27 600,39 664,38 765,34 780,27 817,49 830,8 886,27 931,22 963,17 981,3
493: 35,10 102,20 153,46 201,16 316,40 485,34 501,42 517,8 530,9 644,43 667,42 730,39 982,27
494: 894,39
495: 0,46 38,13 55,35 87,14 94,8 96,5 111,45 126,13 155,7 256,16 286,48 293,45 309,9 363,24 366,49 421,15 555,2 564,22 567,44 583,41 596,47 620,27 633,33 639,12 673,5 806,19 812,7 844,12 846,5 936,46 962,25 988,25
496:
497: 6,13 80,34 89,49 139,12 161,28 252,46 270,7 354,30 409,15 514,18 528,42 655,1 694,15 778,7
498: 94,6 124,45 136,29 250,49 285,25 490,9 503,23 556,32 633,30 695,30
499: 57,34 122,20 181,31 423,1 496,27 568,28 632,9
500: 87,43 114,3 141,16 194,24 306,13 538,4 590,15 719,4 947,38
501: 269,35 576,49 659,33 717,17 746,28
502: 216,9 232,7 259,21 378,39 756,3 956,21
503: 172,31 240,18 242,35 713,13 756,40 909,20
504: 135,10
505:
506: 60,40 94,34 144,29 178,15 227,9 379,40 449,49 574,48 639,5 649,49 685,30 845,28
507: 69,14 80,41 206,8 238,48 243,36 260,49 276,14 291,19 292,40 321,7 339,48 431,33 435,48 463,8 513,36 539,33 594,24 635,3 652,27 664,28 710,7 716,18 737,38 748,8 814,30 874,20 892,15 896,11 897,22 900,16 906,5 915,19 916,22 923,42 994,15
508: 193,35 334,44 416,2 519,46 649,17 738,6 752,43 883,42 955,37 977,35
509: 462,49
510: 140,34 184,44 445,48 464,14 536,10 566,43 634,5 676,12 759,21 771,14 862,11 921,25
511: 224,43 590,38 716,29
512: 89,20 136,31 211,38 230,26 254,21 306,24 388,7 420,2 480,9 525,17 604,6 617,3 684,6 764,48 844,9 906,45
513:
514: 74,25 163,12 177,42
515: 160,12 247,1 703,10 742,6 843,14 856,37 939,1
516: 25,34
517: 130,4 153,21 159,17 183,26 193,32 371,18 403,39 434,14 459,0 509,46 644,22 806,7 841,2 842,5 977,46
518: 104,37 113,18 147,16 271,4 274,24 318,19 319,24 341,21 478,13 586,27 591,3 623,45 730,6 733,6 785,14 798,20 837,38 954,0 994,44
519: 25,23 90,34 127,19 151,4 176,9 240,6 401,45 504,36 857,32
520: 125,8 245,42 372,13
521: 152,25 258,48 643,10 692,32
522: 27,12 41,31 49,4 154,31 199,31 221,12 227,14 244,29 254,16 278,42 289,17 307,4 351,43 352,36 359,15 373,36 432,46 453,18 480,29 489,33 597,34 634,11 687,18 730,37 755,10 789,4 793,24 832,25 833,32 856,30 897,27 898,46 905,4 917,47 940,23 967,39 980,27
523: 624,35 644,5
524: 36,19 280,44 468,9 815,44 885,10 933,5
525: 36,8 65,34 83,17 323,42 359,11 523,1 691,45 827,22 879,27 998,39
526: 34,4 36,15 66,5 80,42 275,14 506,43 542,4 619,28 757,0 791,6 871,37 918,31
527: 248,5 357,8 789,0 830,0
528: 308,47
529: 102,42 215,22 630,37
530: 763,29
531: 9,7 21,16 60,47 80,19 126,40 155,18 202,30 212,19 213,25 261,7 263,49 265,38 287,17 365,17 366,15 392,23 518,30 535,6 593,21 646,7 652,20 664,33 736,28 741,28 761,2 849,34 856,7 861,48 872,44 875,23 879,38 889,36 990,44 994,4 995,36
532: 43,13 53,15 64,30 71,12 72,12 80,15 88,12 183,24 235,26 256,3 301,7 315,4 326,25 363,15 381,2 411,9 433,18 436,29 513,32 696,25 817,37 845,35 846,35 847,29 884,24
533: 180,28 268,42 465,28 702,4
534: 111,22 283,5 367,32 667,33 682,28 838,6 863,6
535: 39,26 144,28 199,29 201,18 209,11 237,29 329,7 406,9 435,5 441,39 491,47 499,13 566,12 656,46 693,30 898,27
536: 154,46 158,38 167,0 171,27 179,23 228,28 337,9 378,37 388,38 465,8 603,27 619,26 639,8 666,15 670,22 684,10 734,38
537: 74,22 891,30
538: 519,47 628,9 879,44 968,32 969,29 978,27
539: 238,46 308,18 539,14 932,42 957,47 987,39
540: 31,42 203,20 322,49 539,10 562,8 622,38 755,5 813,17 863,31 864,40 906,32
541: 408,10 730,11
542: 194,45 254,44
543: 126,10 609,28 655,33 681,13 947,47
544: 13,40 83,49 103,10 116,14 152,12 278,30 451,27 613,6 680,25 709,44 725,42 733,26 736,43 857,8 881,20 957,39
545: 40,38 85,10 130,19 357,48 399,41 479,13 556,8 641,36 674,13 897,49 933,48 952,43
546: 37,33 63,48 73,47 139,49 158,10 173,6 266,49 367,41 389,35 531,24 557,1 653,41 657,28 759,29 801,42
547: 682,42
548: 49,49 739,34 903,4
549: 9,47 38,3 56,11 230,43 421,28 450,14 463,24 537,31 563,25 568,42 654,10 798,22 861,13 959,15 960,25
550: 0,39 43,48 68,42 88,40 109,31 111,5 112,29 164,21 357,40 401,42 450,3 458,0 475,39 481,42 547,15 750,48 756,10 835,23 843,3 898,40 939,15 948,43
551: 45,37 410,4 508,19 576,11 710,47 847,13 936,4 948,48
552: 49,46 954,46
553: 145,22 293,20 364,20 408,17 421,42 548,17 585,27 650,25 688,34 689,42 882,8 952,49 986,23
554: 769,33 996,40
555: 441,29
556: 3,9 54,44 72,27 151,41 163,47 217,18 264,0 372,40 391,22 401,20 468,21 507,9 598,42 603,29 609,46 681,0 709,9 745,9 777,11 842,18 868,48 973,43 976,29
557: 73,14 349,22 503,32 600,43 894,36
558: 704,24 718,23 724,2 904,46
559: 24,34 166,13 167,25 340,4 788,7 952,37
560: 197,0 421,12 672,34 838,0 978,9 999,38
561: 12,49 287,5 347,25 501,14
562: 12,22 100,21 152,46 247,5 387,26 520,3 537,39 639,33 689,35 751,25 811,18 900,29
563: 65,3 146,31 290,12 291,31 338,36 358,16 390,14 396,19 405,36 418,21 437,7 496,19 629,0 770,9 777,42 881,20 937,43 948,43
564: 393,18 600,8 607,38 665,11 751,4 890,40 965,7
565: 243,1 346,7 582,24 599,37 740,26 809,30 909,5 916,44 982,16
566: 50,37 193,27 384,45 396,45 455,34 488,21 822,39
567: 233,46 302,3 365,43 849,49
568: 9,27 60,23 129,9 145,24 147,8 191,48 205,2 210,12 225,10 242,5 244,41 285,34 430,19 469,8 474,25 478,25 565,28 606,27 625,26 634,48 808,5 928,0 971,21
569: 355,1 461,3 721,0 891,25
570: 75,28 313,14 348,37 540,13 592,12 632,32 777,34 845,42 887,33
571: 392,23 522,7 965,43
572: 214,14 399,2 461,20 482,20 633,6 717,47 770,37 848,48 871,6 983,29
573: 60,1 96,18 97,19 172,22 179,39 199,33 260,20 263,41 272,6 417,47 420,37 458,28 543,4 577,41 614,46 703,38 718,17 765,48 828,32 865,39 882,10 952,33 967,25
574: 388,15 396,16 497,48 569,25 674,19 845,35 914,47 919,7 984,15
575: 112,1 113,18 134,36 264,17 344,10 363,32 379,15 553,35 604,43 933,39 957,38 983,8
576: 41,47 151,12 244,0 331,16 423,35 554,11 621,19 716,34 733,24 752,14 827,23 865,32 930,49 959,34
577: 730,5 798,41 997,29
578: 225,31 227,22 372,20 390,27 455,9 574,12 652,37 656,18 874,36 905,48 923,47 961,25
579: 0,34 141,29 193,25 267,12 295,13 393,48 571,41 605,44 657,4 685,40 689,29 712,38 766,1 795,25 850,43 884,29 942,38
580: 71,33 136,17 182,13 247,5 283,28 483,36 488,3 624,15 743,18 888,23 894,1 964,0
581: 111,34 168,10 251,20 351,9 476,5 500,33 534,22 639,17 745,25 757,15 780,25 988,0
582: 48,41 66,1 108,0 163,28 286,24 323,8 331,38 400,2 574,28 937,5
583: 26,0 225,4 226,47 236,26 274,48 288,49 312,27 475,37 480,3 548,7 730,28 894,9
584: 0,0 66,34 76,3 109,29 151,26 199,5 246,9 267,39 269,19 278,47 325,24 326,18 328,26 347,44 381,29 435,33 508,49 520,0 521,26 555,25 579,42 580,34 642,19 655,21 724,18 797,2 823,8 836,34 843,46 848,45 921,12 957,42 959,47 975,43
585: 173,4 670,26
586: 58,26 108,2
587: 22,43 151,15 169,33 175,18 176,3 209,19 244,32 251,29 252,25 314,33 426,33 453,37 455,10 482,47 494,43 609,21 653,9 664,19 666,43 733,5 739,24 753,8 758,32 812,2 827,10 843,9 863,16 964,15 983,13
588: 277,7 519,25 617,6 754,39 943,41 949,2
589: 17,26 26,18 38,8 77,37 169,49 186,27 187,40 217,17 322,37 350,4 427,26 431,36 434,10 441,35 482,33 490,18 500,49 519,41 564,40 605,35 723,7 734,46 771,8 803,33 909,33 977,2
590: 67,46 176,44 234,16 287,6 502,7 548,3 741,34 755,16 958,2
591: 51,6 158,24 465,38 628,31 707,28 774,24 805,28
592: 7,17 112,46 162,23 166,29 376,21 412,15 440,25 483,12 491,31 562,15 650,6 661,9 671,5 709,36 716,43 815,38 863,26 917,24 926,40 974,35
593: 257,39 928,44
594: 47,44 376,5 914,14
595: 507,23 686,36 743,10
596: 24,33 130,45 376,21 414,33 706,40 923,20
597: 330,22 642,31
598: 44,5 178,8 368,13 643,10 726,29 770,10 811,15 843,43 950,30 963,39
599: 51,0 154,5 159,45 281,11 325,19 388,33 470,44 663,29 771,13 858,25
600: 95,20 120,21 128,33 221,15 253,27 263,32 271,10 287,30 387,0 395,31 399,49 440,22 502,10 529,25 544,46 624,15 659,17 774,43 793,36 968,25 992,16
601: 91,30 124,29 152,15 176,24 206,8 293,37 295,23 326,46 356,33 520,41 552,0 571,45 650,39 663,32 760,28 774,16 785,35 792,3 905,9 953,24
602: 15,18 27,26 29,16 101,35 225,16 229,24 425,22 543,26 651,18 672,47 683,45 754,15 872,39 874,11 982,40
603: 66,47 350,36 492,21 598,37 732,4 971,10
604: 451,43 455,9
605: 65,49 516,21
606: 7,21 34,1 41,7 43,20 73,21 74,9 105,0 107,3 109,29 140,36 216,44 285,5 376,44 414,43 452,29 489,27 491,48 521,29 607,4 611,33 636,29 650,39 659,16 660,44 671,6 697,44 804,26 874,36 898,4 945,49
607: 42,35 64,27 118,14 575,17 629,35 649,26 666,2 792,21
608: 314,11 458,13 503,16 522,40
609: 64,3 79,13 102,21 156,1 203,11 252,7 256,25 337,35 340,2 345,0 385,20 386,37 486,17 546,27 565,22 585,24 586,43 606,39 684,12 715,11 718,0 723,28 738,31 742,38 747,3 824,15 850,9 868,12 869,18 978,47 992,20
610: 625,30 887,47
611: 0,13 915,33 929,6
612:
613: 15,48 83,13 154,15 620,34 701,21 896,3
614: 222,36 313,31 460,40 749,44 903,10 999,7
615: 156,13 199,22 320,34 469,44 570,38 582,25 583,16 770,24 825,0 965,9 977,16
616: 65,14 443,42 738,48 860,24
617: 66,12 67,39 185,37 276,23 482,0 553,29 602,3 692,3 967,45
618:
619: 336,10 836,5 995,22
620: 9,15 67,46 109,32 192,34 199,23 374,2 515,3 560,48 587,35 591,11 667,20 668,45 755,9 836,16 879,41 884,17 935,20
621: 255,35 413,31 447,19 588,38 689,27 832,29 962,22
622: 361,12 416,17 421,21 589,42 616,47 641,19 823,9 990,48
623: 109,2 118,4 491,6 750,21
624: 240,37 296,16 309,43 374,11 587,20 597,19 701,39 707,33 728,46 765,38 769,33 803,12 910,38 926,27 940,29 947,22 982,31
625: 150,17 272,35 273,16 332,37 412,34 501,48 512,0 529,23 591,8 650,26 711,6 828,31 889,14 915,5
626: 176,1 271,36 417,38 826,28
627: 63,17 347,35 363,8 528,12 652,34 704,14 860,36 882,44 905,21
628: 122,43
629: 116,22 253,46 265,34 597,31 638,32
630: 651,1 803,33
631: 4,20 48,31 74,25 112,47 153,11 155,26 181,15 204,16 225,9 237,10 238,9 288,6 296,34 314,4 328,1 363,18 371,45 384,27 430,23 434,24 454,32 455,10 531,15 534,21 544,18 592,6 650,47 658,26 721,1 808,27 818,15 837,25 860,19 879,11 887,21 951,45
632: 401,9 678,12
633: 341,41 685,41 719,45 737,9
634: 85,17 118,23 122,10 376,26 412,20 634,35 840,42
635: 14,41 25,19 41,19 87,0 117,48 120,40 126,24 131,14 148,18 234,0 282,43 394,8 402,9 404,4 464,25 499,20 568,28 572,23 625,49 649,6 652,6 705,25 706,24 739,13 752,3 760,20 845,24 867,8 905,18 909,13 920,48 929,38 957,4 958,15 985,0
636: 656,49 782,23
637:
638: 71,26 589,21 966,30
639: 1,7 7,38 9,6 42,42 43,46 373,29 393,33 453,25 466,24 487,43 645,30 686,1
640: 801,29 839,32 840,40
641: 11,11 16,16 26,35 27,22 88,44 118,7 161,23 229,5 250,5 257,27 270,33 279,16 317,6 336,27 430,40 470,36 533,19 552,24 584,34 641,20 644,5 661,18 701,41 776,16 809,5 818,8 847,12 853,10 935,7
642: 50,14 220,22 223,3 702,34 753,44 755,27 854,22
643: 390,34 588,14 792,49 981,40
644: 669,13 773,24
645: 386,48
646: 25,34 250,33 357,11 476,1 607,19 851,34 861,24
647: 854,15
648: 742,29
649: 89,9 160,12 556,49 567,35 742,25
650: 82,17 263,7 286,3
651: 20,41 34,39 102,30 192,3 403,20 405,31 456,5 522,46 528,33 626,20 716,3 808,22 865,41 912,25 918,2 956,40
652: 2,26 36,17 181,20 209,18 474,43 583,45 911,15 937,40
653: 5,29 150,45 614,35 624,38 626,17 940,25
654: 252,30 264,19 324,20 886,5
655: 34,7 346,34 406,44 497,15 564,5 577,41 730,15 755,10 756,9 802,12 861,4
656: 726,2
657: 857,22
658: 10,13 11,9 286,20 378,43 726,2 913,49 946,26
659: 193,21
660: 4,9 23,17 38,22 68,16 133,35 151,24 207,25 278,22 281,29 309,23 320,19 398,7 399,20 411,2 459,23 465,0 471,45 602,28 612,7 661,38 671,17 709,8 728,6 976,2
661:
662: 63,11 85,3 283,45 398,27 425,23 757,12 758,9 768,19 836,2
663: 182,29 260,25 425,17 473,43 540,26 593,12 675,38 781,16 823,21
664: 18,30 31,22 55,17 111,17 122,16 214,20 273,0 339,17 410,31 479,46 482,49 510,42 515,49 625,37 656,0 680,36 734,43 805,2 825,39 835,48 855,42 858,5 891,17 947,45
665: 346,44
666: 60,27 219,27 279,24 390,30 423,15 545,45 708,31 717,43 866,31
667: 87,22 88,39 147,20 220,41 464,44 510,37 559,49 798,17 838,24 867,10 901,19
668: 45,30 144,11 195,47 281,21
669: 121,19 136,47 168,41 183,46 363,40 398,40 425,2 447,27 495,40 576,24 599,29 615,19 627,49 709,38 771,10 927,3 934,8 971,10 993,26
670: 923,35
671: 387,19 440,23 605,26 666,22 817,37 963,36
672: 111,27 267,39 280,32 299,22 302,40 377,49 402,7 419,25 482,35 600,15 664,41 689,10 851,13 885,10 965,46
673: 157,48 164,18 189,28 368,34 438,30 675,40 787,19 840,2
674: 10,22 14,24 113,21 119,41 137,16 153,45 168,15 171,27 339,34 390,2 391,4 394,17 549,2 551,2 600,30 653,43 670,16 710,5 875,11 887,31 951,29 960,12 961,1
675: 3,29 12,14 19,38 24,33 51,25 65,22 83,18 85,37 95,4 131,7 145,16 148,41 223,6 297,2 366,12 378,25 519,41 547,43 625,14 627,4 688,38 694,33 752,10 760,24 879,49 913,14 993,45
676: 23,44 35,21 166,40 170,41 195,3 231,16 334,15 382,49 401,40 457,18 497,32 543,34 640,17 796,45 898,6 967,28 984,45
677:
678: 12,20 41,23 42,20 48,38 59,48 62,41 66,48 67,36 87,7 139,12 143,16 183,10 187,9 223,42 320,7 323,8 324,4 342,36 343,21 359,35 381,45 396,10 427,31 437,46 440,34 494,42 554,37 619,19 626,0 663,3 664,46 689,34 697,11 746,33 751,10 763,42 788,26 793,19 807,18 864,13 872,42 966,49 971,35 975,0 982,3 983,11
679: 36,30 89,39 101,3 139,1 141,47 158,27 163,44 187,46 245,44 306,18 313,25 315,40 316,13 318,27 344,11 352,6 383,49 454,28 461,7 504,21 505,22 522,44 557,31 561,41 579,35 646,0 694,8 724,6 758,2 759,44 778,15 812,11 915,7 959,27
680: 109,5 123,43 233,0 284,39 298,27 362,23 400,31 401,40 414,12 538,11 540,11 564,19 617,40 682,2 727,0 794,5 800,5 808,6 924,31 966,15 969,46
681:
682: 36,1 141,13 145,38 155,5 265,29 333,22 447,18 487,39 490,7 515,47 572,8 705,22 820,28 984,30
683: 965,18
684: 506,44
685: 52,32 158,10 190,38 369,18 697,45
686: 61,43 307,9 599,28 717,13 732,31 794,40 818,21 870,3 938,40
687: 40,34 323,21 590,38
688:
689: 134,39 157,26 247,36 293,4 531,49 871,14 958,24 980,34
690:
691: 129,32 575,4 762,0 839,46 905,14 976,44 985,28
692:
693:
694: 746,14
695: 99,14 172,10 218,12 228,47 242,18 257,38 333,14 485,13 679,23 932,9 943,30
696: 2,5 85,23 145,28 205,28 280,3 425,1 451,45 453,21 482,19 518,34 574,14 681,20 830,42
697: 60,19 607,47
698:
699: 105,29 200,22 327,15 442,46 690,14 748,11
700: 85,17 209,12 245,3 318,44 441,24 518,18 524,45 624,47 834,31 951,14
701: 362,49 364,38 449,7 571,13
702: 15,23 48,12 49,24 72,15 84,33 100,21 113,43 218,20 249,23 299,33 349,15 366,21 377,34 404,25 441,41 447,39 450,28 464,31 523,3 611,9 636,31 638,1 728,20 740,11 789,43 791,12 832,5 870,19 873,28 882,7 903,40 915,26 949,18 951,21
703: 58,38 109,18 759,5
704: 54,34 81,35 120,3 134,44 190,30 201,6 202,8 224,30 277,35 286,21 328,27 331,39 337,43 407,39 456,28 464,25 484,37 576,11 612,11 665,45 677,3 682,31 709,23 751,25 763,29 801,4 832,38 848,39 884,46 897,46 945,14
705: 324,39 439,43 886,37
706: 46,9 273,41 300,26 312,10 334,12 370,18 496,19 655,40 693,38 719,9 902,13 928,31 931,25 993,4
707: 207,22 209,49 255,8 486,28 534,15 555,3 606,34 862,14 879,22 942,22
708: 741,38 879,23
709:
710: 61,44 65,19 126,15 225,2 251,12 256,23 265,23 266,16 278,9 282,37 297,44 324,45 325,35 356,35 421,36 452,9 467,1 530,12 639,10 714,25 820,2 923,46
711: 180,26 257,28 597,45 991,3
712: 66,21 191,27
713: 113,5 251,37 267,34 296,19 307,34 497,32 504,5 558,10 695,32 732,34 779,12 805,34
714: 489,43 589,33 886,4
715: 78,29 127,44 132,39 194,27 234,32 237,46 294,22 304,48 520,49 544,23 611,42 621,32 738,6 843,9 894,33 975,48
716: 527,31 633,46 659,20
717: 29,31 404,17 415,28 663,36 807,20
718: 44,0 59,39 74,9 85,23 225,3 247,42 353,3 405,18 437,20 578,2 604,46 629,20 678,42 749,29 776,48 857,34 866,9 901,25 972,28
719: 1,35
720: 42,27 43,14 288,34 482,21 546,6 627,1 678,1 752,48 753,2 798,34 878,26 907,16 923,15
721: 476,42 497,41 580,42 599,32 868,26
722: 172,20 221,36 255,17 420,38 542,5 669,11 769,27
723:
724: 82,14 363,9 512,45 609,4 817,27
725: 22,15 30,33 42,31 65,32 85,7 137,11 180,34 203,34 219,28 265,38 346,23 397,9 404,47 422,2 423,38 656,31 703,32 717,19 739,10 741,28 742,3 811,15 889,34 910,5 949,44
726: 2,11 28,40 44,24 52,44 77,33 120,21 166,2 183,6 303,7 320,36 365,35 380,7 382,38 411,27 432,40 435,27 438,23 440,27 444,18 500,12 536,3 581,12 641,37 646,23 665,40 765,0 776,38 864,39 872,35 894,35 913,24 959,39 966,17
727: 234,39 362,27 427,25 792,12 801,46 890,22 897,33
728: 70,34 129,40 142,45 285,19 356,4 429,32 430,3 439,48 440,2 531,24 568,5 616,44 617,17 728,24 770,15 858,42 968,17 982,22 984,23
729:
730: 79,2 175,5 499,16 804,0
731: 409,45 472,25 487,14 499,8 609,24
732: 18,45 190,13 342,31 491,23 495,19 552,18 605,8 760,2 791,22 797,33 812,43 834,5 864,47 913,19 951,6
733:
734:
735: 18,41 93,41 220,37 221,1 292,22 363,27 420,38 501,36 572,41 609,27 618,0 621,31 646,40 657,40 696,18 697,15
736: 107,28 136,26 399,1 447,19 457,11 495,34 915,25
737: 52,19 397,24 920,33
738:
739: 504,6 625,45 654,4 674,7
740: 40,0 92,27 210,37 228,48 273,7 313,31 328,39 335,29 355,35 427,42 430,46 436,3 453,1 553,2 565,14 574,30 603,6 610,14 762,26 806,31 854,34 913,1 930,43 941,11 953,15 970,36 972,42 979,40 985,20
741: 18,38 143,45 465,34 504,8 667,30 698,27 786,4 808,14 853,7 946,21 947,22 999,21
742: 63,33 228,9 617,21 693,45 733,14 761,12 925,48
743: 27,27 748,47
744: 387,2
745: 67,12 893,6 900,32 901,19
746: 252,27 283,4 656,4
747: 35,47 78,34 176,21 231,48 288,26 296,33 360,25 655,40 752,42 773,38 905,44
748: 51,26 80,40 309,25 413,31 417,8 420,27 434,15 445,34 598,43 665,14 741,19 749,11 791,29 805,7 948,0 972,13
749:
750: 453,39 459,12 472,9 553,36 554,3 788,9 934,13 977,17
751: 228,24 674,19 777,20
752: 7,31 143,45 496,11 934,3
753: 3,15 22,28 30,35 42,4 55,19 56,3 66,28 79,14 139,21 175,24 181,3 191,15 201,45 241,6 242,17 251,15 274,22 282,7 319,22 323,12 332,1 365,22 407,42 410,45 412,31 413,17 422,38 439,6 445,30 470,9 474,28 485,23 487,18 490,40 491,49 506,20 549,0 562,48 575,36 604,11 662,41 687,7 688,20 703,13 710,32 718,24 727,9 738,27 739,42 745,11 775,40 821,37 824,14 837,7 842,29 850,44 866,33 890,14 892,41 914,31 933,45 990,23
754: 14,32 142,0 191,3 208,14 389,34 507,0 561,0 616,17 625,3 682,26 697,18 700,35 724,27 745,42 755,27 889,44 916,21 953,11 982,3
755: 689,27
756: 2,28 31,6 191,13 320,29 347,9 398,36 490,44 546,43 640,48 744,26 846,35 888,14 929,36
757: 299,10 396,38 490,8 643,23 743,0 745,28
758: 100,42 113,13 252,1 258,1 269,39 345,4 349,31 460,14 462,1 463,28 473,23 489,7 509,1 705,6 835,15 917,38 960,6
759: 37,49 135,43 171,33 256,10 257,20 305,48 306,37 471,0 496,40 505,27 576,46 656,49 719,39 742,40 781,34 796,46 850,34 881,42
760: 19,21 70,23 147,21 219,8 324,19 452,2 461,1 557,17 643,11 925,28
761: 44,25 62,2 63,48 453,10 496,17 558,6 698,8 718,16 739,17 788,41 881,2 886,38 905,12
762: 292,38 352,6 441,34 504,39 526,40 743,24 884,16 955,32 979,2
763: 365,44
764: 224,14 276,20 884,44
765: 14,14 115,42 263,6 337,1 379,9 381,45 421,49 436,4 437,36 461,6 487,33 507,49 554,22 610,29 635,43 742,24 751,49 774,14 775,23 839,20 849,19 885,46 933,13 960,34
766:
767: 5,42 35,2 75,36 85,29 154,32 226,49 235,14 270,30 295,35 650,10 720,38 774,37 858,32 872,5 910,34 978,24
768: 81,33 223,1 856,20 928,9
769: 314,2 835,27
770:
771: 126,42 201,30 425,45 510,37 864,6 928,4
772: 74,3 333,38 669,3 677,2
773: 4,30 6,49 12,11 44,9 58,45 78,22 199,18 224,14 236,13 283,33 285,13 374,43 442,14 560,45 649,1 650,18 673,46 682,14 752,37 789,0 806,9 919,26 926,13 983,6
774: 136,45 899,31
775: 58,13 268,24 428,4 477,8 575,46 657,37 677,21 827,27 913,26 963,24
776: 63,37 133,39 235,12 244,1 254,12 283,33 425,4 512,26 818,14 862,26 991,35
777: 970,47
778: 52,13 82,13 124,28 177,47 198,48 238,38 356,17 391,25 523,39 865,33 913,13
779: 12,45 45,32 51,45 159,19 197,14 284,49 321,13 403,29 613,46 748,12 768,42 807,44 880,46 894,0 960,12
780: 27,31 39,28 51,18 147,33 384,42 442,24 539,4 543,36 588,20 611,36 660,45 719,23 825,48 834,21 920,38 981,11
781: 105,42 140,44 487,31 545,7 585,20 609,40 653,18 656,45 665,31 719,8 722,33 749,14 921,17 926,38 934,20 948,27
782: 8,41 14,11 78,27 87,22 493,5 725,46 733,21 799,5 828,23 838,15
783: 8,28 63,12 155,17 172,48 203,45 206,44 216,35 240,1 290,22 297,2 317,45 361,17 374,20 384,26 416,40 464,45 477,27 481,24 492,1 558,20 568,35 583,3 629,10 682,18 689,24 692,29 726,0 745,19 759,30 769,48 789,13 866,18 867,25 882,31 926,27 956,28 957,7 974,10 986,20
784: 239,8 449,13 512,25 641,6 872,6 931,28
785: 121,0 159,14 211,29 241,16 326,15 414,11 524,46 571,49 599,10 723,0 727,2 754,8 764,5 792,8 856,22 863,26 994,37
786: 51,6 56,21 119,34 263,10 339,9 353,1 464,1 545,34 565,33 575,4 624,2 699,30 709,41 842,35
787: 17,23 32,3 72,0 132,6 142,44 148,18 152,34 161,24 175,4 245,46 272,6 277,44 294,7 296,2 323,36 371,14 379,10 380,19 465,31 480,0 515,18 656,3 705,10 733,28 770,7 834,40 853,22 860,2 933,0 953,33
788: 134,42
789: 177,40 262,26 829,23 965,11
790: 99,20 155,24 457,8 564,41 666,20 720,22
791: 81,11 108,33 523,6 896,3
792: 13,26 47,1 93,4 295,6 403,41 452,11 453,4 476,5 549,3 569,36 712,10 730,24 799,9 836,2 905,30
793: 11,1 651,46 702,44 754,20 891,48 947,2 955,9
794: 7,48 11,44 275,16 310,49 364,43 403,2 562,4 607,43 669,25 680,28 774,3 882,8
795: 767,40 778,36
796: 35,31 624,4 680,38 978,10
797: 97,35 289,28 560,3
798: 4,36 90,22 94,14 114,33 243,45 315,15 436,10 452,35 476,35 478,14 503,0 559,42 607,45 704,30 755,12 765,2 798,6 877,44
799: 84,42 100,19 201,49 313,20 332,28 353,8 375,28 404,42 409,1 443,30 469,48 587,14 643,32 656,35 704,18 715,12 750,24 763,4 769,5 804,33 808,46 823,11 845,11 848,21 853,22 907,42
800: 573,13 576,13 631,44 691,19 724,41 753,2 791,39 997,11
801: 268,16 311,35 441,2 586,47 691,1 955,0
802: 76,32 82,3 144,6 189,4 239,22 394,20 396,2 681,2 774,4
803: 24,15 94,3 236,20 476,42 509,45 544,44 590,9 602,4 727,16 762,40 798,21 808,36 905,47
804: 82,40 177,41 190,39 470,6 495,21 528,45 645,45 792,43 906,35
805: 2,28 257,44 290,48 294,17 301,15 331,30 413,40 414,22 447,35 483,17 498,13 591,28 612,47 734,47 765,23 802,37 977,11 985,49
806: 10,27 339,40 342,19 372,11 391,26 709,12 755,9 889,41
807:
808: 30,26 49,19 179,46 253,33 368,11 370,46 458,49 499,19 591,33 601,21 658,22 811,1 827,49 991,18
809: 62,12 78,23 192,22 249,39 404,40 451,17 460,49 872,11 915,20
810: 35,18 78,37 281,42 426,5 438,2 439,9 583,49 693,26 771,49 802,18 854,23 882,31
811: 124,32 247,32 430,4 831,33
812: 138,42 564,16 853,11
813: 53,29 108,12 156,36 174,42 195,6 236,34 256,38 290,29 327,31 335,49 341,44 418,46 450,3 506,0 524,37 569,23 618,11 642,17 759,24 784,2 894,26 897,18 940,4 985,35
814: 16,9 407,21
815: 44,0 87,44 138,18 171,32 182,25 204,43 340,11 467,31 690,7 705,26 803,21 840,41
816: 41,16 246,9 384,30 426,37 822,39 849,23 977,13
817: 66,39 89,26 105,18 147,3 162,6 250,11 267,37 372,28 472,19 567,37 616,16 642,45 734,11 817,40 841,48 859,8
818:
819: 85,0 93,49 115,32 141,14 203,13 234,34 274,41 398,48 420,26 512,16 644,7 674,41 676,28 730,14 742,42 746,15 760,43 878,3 885,48 896,6 906,35 916,17 967,16
820: 507,26 581,47 665,29 900,15 995,7
821: 63,47 379,9 520,12 528,35 577,6 594,36 727,26
822: 0,10 34,33 159,45 302,37 317,21 400,31 464,21 611,22 708,49 737,43 779,42 830,22 905,35 984,34
823: 672,28
824: 30,6 126,46 338,15 342,11 364,34 471,40 554,45 702,34 742,16 753,45 761,31 888,7 977,2
825: 299,14
826: 158,33 170,29 356,11 476,4 612,27 616,48 801,4 962,35
827: 17,3 161,1 167,28 173,39 247,45 248,47 249,3 283,47 291,39 336,30 349,48 401,3 407,21 412,27 413,31 488,35 522,32 530,16 569,0 584,37 635,23 661,37 680,34 684,35 723,1 725,14 790,38 843,1 846,14 851,34 871,2 882,30
828: 5,26 13,42 246,3 275,35 339,28 417,26 603,13 614,48 846,12 974,1
829: 306,9 904,14
830: 252,9 260,12 295,17 532,24 539,12 549,21 690,28 847,43 890,10
831: 27,21 180,28 575,17 674,40 885,37
832: 19,30 46,4 72,44 179,47 403,2 487,2 515,26 630,11 674,43 743,44 911,32
833: 90,45 264,37 527,21 589,42 834,39
834: 4,29 61,6 144,10 208,3 229,16 244,40 350,43 394,41 400,21 572,23 604,25 629,46 734,4 754,30 773,37 841,35 868,23 916,12 941,49 958,18 961,3
835: 141,45 410,9 728,39
836: 0,17 52,25 89,46 107,23 122,25 143,8 282,25 285,40 294,33 317,24 323,43 331,25 340,12 369,27 380,16 395,0 421,25 433,19 436,6 438,36 451,12 465,20 466,16 467,31 493,14 494,17 495,12 544,16 573,24 590,45 602,3 618,18 632,42 657,18 682,47 691,28 692,48 768,6 772,16 786,15 810,36 811,45 816,44 820,35 829,18 837,44 887,19 903,24 905,6 919,28 931,21 937,25 965,32 967,40 982,14 993,7
837: 27,15 117,3 134,38 224,20 336,37 486,40 550,33 591,28 690,1 794,18 817,17
838: 885,4
839: 43,13 57,23 77,14 80,29 95,19 122,30 146,20 156,25 214,29 224,12 225,19 257,47 262,11 269,27 291,39 319,44 354,36 359,16 412,24 414,18 426,33 431,8 451,33 471,23 489,15 546,33 556,42 587,16 599,26 672,0 694,18 727,41 734,15 740,2 742,15 746,2 783,21 787,24 838,29 839,4 840,3 857,24 865,9 877,25 928,27 933,34 953,17 977,23
840:
841:
842: 64,22 242,3 243,7 276,9 666,13 981,49
843: 77,17 320,38 321,24 350,15 357,40 448,32 494,30 558,2 654,25 801,7 839,33
844: 279,11 831,27
845: 49,36 92,10 156,32 182,42 225,14 267,19 339,11 404,9 418,42 429,13 496,48 515,40 745,17 873,31 971,23
846: 55,24 84,49 92,22 124,36 127,7 152,41 153,14 165,33 200,26 201,0 236,1 243,26 271,45 343,28 359,30 369,10 382,20 515,43 554,15 644,16 690,38 691,43 711,9 744,35 796,40 933,6
847: 262,39 279,11 410,31 535,17 577,5 584,31 638,41 893,35
848: 372,32 398,27
849: 214,11 808,47 897,38
850: 58,9 159,12 204,10 282,20 303,23 466,47 843,48 930,37
851: 58,37 82,12 111,31 143,4 146,7 154,20 192,37 270,4 305,19 347,6 448,41 461,20 495,36 497,26 517,2 548,11 577,18 744,9 961,42
852: 248,33 675,30 734,17 787,11 826,2 877,21
853:
854: 6,15 12,46 105,15 124,20 168,39 191,2 294,46 341,47 532,49 541,8 599,47 650,3 740,37 741,47 784,5 804,23 862,13
855: 64,15 69,47 92,20 169,9 238,13 428,12 626,27 761,24 873,13 876,25 877,5 984,44
856: 127,48 135,9 143,42 169,44 171,41 196,18 202,46 284,15 287,47 294,16 303,31 325,41 362,15 386,18 508,3 528,4 636,4 665,29 701,18 705,14 784,19 825,41 834,17 841,4 943,27 947,23 976,33 988,44 996,1
857: 12,2 163,22 223,8 237,21 251,21 254,1 342,3 385,14 541,12 558,34 572,31 741,27 837,44 926,49
858:
859: 38,11 198,12 247,10 722,18 726,43 734,7 800,41
860: 59,11 120,20 184,31 259,18 659,8 794,18 933,13 984,22
861: 264,42 896,0
862: 152,13 158,29 244,24 257,26 339,40 460,39 542,35 564,34 580,22 617,33 624,37 642,49 646,35 740,40 759,36 895,44 920,32 965,31
863: 44,18 129,34 130,35 153,45 184,11 289,15 653,44 772,36
864:
865: 41,20 125,49 194,12 225,27 301,24 508,49 509,27 511,14 551,41 570,14 648,35 662,30 663,13 672,16 685,15 760,4 825,35 945,39 970,0
866: 26,2 100,11 141,31 156,15 229,12 446,37 543,18 761,19 810,10 840,10 858,28 936,11 967,16
867: 7,37 61,38 69,46 72,8 73,38 81,31 100,44 114,22 140,26 142,22 203,8 286,44 369,23 402,46 410,46 476,23 520,32 533,10 547,7 566,41 620,45 639,36 649,41 694,32 808,28 822,8 840,38 902,29 905,3 918,4
868: 517,17
869: 89,23 195,34
870: 123,22 334,41 358,19 387,0 480,46 529,26 647,8 676,43 892,18 901,38
871:
872: 10,47 20,17 48,36 51,7 182,24 219,28 369,29 378,7 400,12 443,7 594,18 737,2 812,40 998,11
873: 442,36 453,35 740,21 987,9
874: 18,41 134,12 225,46 308,33 412,9 790,12 855,47 859,24
875:
876:
877: 35,16 185,36 427,17 672,13 721,6 955,48
878: 36,29 75,34 77,27 107,14 110,44 152,8 259,20 560,1 586,34 673,46 674,6 723,28 767,49 776,21 796,8 821,23 832,2 922,1 994,2
879: 8,7 9,18 65,24 139,2 167,8 186,14 203,37 262,19 306,20 451,34 499,8 549,41 682,6 760,4 859,22 892,6 936,2 986,25
880: 4,15 346,27 715,13 855,23
881: 183,20 271,41 329,39 333,20 424,0 635,40 709,37 780,17 792,24 853,47 897,23 899,2 941,17 966,40 967,27
882: 438,37 863,37
883:
884: 732,33
885:
886: 23,2 36,41 74,47 345,48 468,47 479,17 513,36 561,19 569,8 590,9 633,40 706,32 723,33 728,26 819,40 842,2 859,24 869,35
887: 26,23 92,48 107,7 473,9 654,19 695,46 732,5
888: 108,26
889: 40,38 330,6 653,33
890: 68,5 80,27 371,47 402,24 885,3
891: 29,38 237,33 306,40 307,40 347,20 646,25 652,38 811,5 915,41
892: 113,21 115,46 355,44 656,39 661,35 690,25 696,25 758,37 765,9 807,6 860,45 944,12 957,18 996,48
893: 62,31 342,4 697,49 710,36 753,11
894: 146,33 457,15 460,38 569,37 622,18 840,37
895: 100,32 116,48 121,4 169,34 203,12 290,0 339,8 410,8 458,32 488,31 568,41 576,33 581,17 632,23 660,27 670,36 679,13 707,11 723,14 727,2 743,22 744,20 795,14 820,43 884,21
896: 854,13
897: 81,32 120,1 430,5 582,11 618,39 657,36 746,48 761,12 945,43
898: 45,39
899: 26,22 35,23 71,11 96,22 182,47 218,12 414,43 585,14 691,24 871,40 882,26 902,45 984,24 991,23
900: 38,39 47,14 188,38 193,8 200,40 201,3 292,34 297,1 336,10 362,33 407,8 423,32 433,46 461,21 528,20 554,24 576,0 650,11 719,22 753,36 876,39 877,29 897,49 978,20
901: 197,46 302,34
902:
903: 5,30 9,32 12,14 18,3 137,16 202,21 250,3 304,42 394,25 406,5 472,16 510,28 603,4 658,41 679,31 750,48 782,27 787,0 798,40 887,3 907,18 908,43 969,9
904: 109,48
905: 763,20 904,5
906: 65,35 204,25 354,43 357,11 475,1 560,26 667,42 754,36 849,33 850,30 853,35 856,6 865,17 869,6 954,21
907: 84,45 128,28 927,43 978,9
908: 92,23 220,2 224,17 326,6 361,11 451,37 551,11 592,30 635,8 813,28 851,30 941,9
909: 31,30 84,32 127,8 176,7 228,41 287,30 299,22 748,9 750,4 761,33 919,2 975,22
910: 529,45 541,20 613,29 789,36 828,1 889,46
911: 344,15
912: 2,19 26,32 86,41 121,24 223,7 265,13 279,4 285,4 329,31 450,3 550,49 552,19 560,22 597,26 670,10 691,25 727,46 748,31 774,19 784,0 797,4 920,24 938,0 957,4 991,2
913: 762,46
914: 352,0 450,47 478,17 828,46
915: 1,46 17,4 52,27 229,18 406,27 417,10 478,19 606,38 665,4 669,39 676,20 723,20 847,24
916:
917: 35,3 187,17 191,19 308,15 335,32 474,13 635,28 681,5 736,22 761,27 765,10 768,48 779,16 784,31 814,47
918: 42,15 562,14 870,31 906,34
919: 12,46 18,41 44,25 50,48 69,19 78,23 86,30 107,11 121,32 136,28 200,12 262,8 277,21 286,31 312,21 329,31 343,37 391,1 393,16 422,10 444,9 458,49 500,16 531,9 533,12 547,46 586,31 654,36 655,13 665,44 704,15 767,15 839,0 853,10 860,13 922,39 953,37 969,44 977,7
920: 152,37 230,48 817,31
921: 122,7 292,40 341,47 394,31 479,14 524,7 572,35 612,3 717,39 740,20 812,14 902,23 970,18
922: 494,46 587,18 592,23 899,24
923: 85,15 183,32 186,46 215,28 247,3 273,44 398,17 502,7 545,31 623,10 686,25 811,6 840,27 843,34 891,13 996,27
924: 4,46 149,24 156,46 196,25 339,29 522,2 547,42 666,15 686,11 882,0 906,9
925: 23,29 76,28 100,8 117,26 121,31 147,30 149,27 151,18 152,28 159,28 161,19 186,19 226,30 235,49 242,31 254,7 267,21 305,37 321,45 354,27 376,7 402,42 403,29 414,5 436,16 457,6 482,15 487,22 491,26 510,20 523,17 582,8 587,16 588,15 590,16 601,33 638,36 640,14 709,40 737,2 749,30 760,20 761,17 771,29 772,19 778,45 796,32 810,17 821,14 822,46 824,34 828,25 834,9 838,26 842,49 852,2 872,42 891,45 904,33 926,22 949,0 970,18 977,45 985,13 987,13 991,47 995,20
926: 402,16 657,23
927:
928: 35,38 50,42 116,49 118,41 131,2 188,30 195,3 215,24 239,9 303,44 307,24 351,1 381,12 382,41 426,8 452,31 502,30 566,27 653,33 713,42 765,2 807,49 847,28 895,2 906,15 948,43 951,31
929:
930: 88,44 146,2 203,14 210,48 222,35 278,33 280,27 318,49 340,20 356,23 387,6 470,34 497,21 508,48 584,36 605,4 624,40 658,37 680,13 757,31 767,19 793,7 864,35 868,10 894,11 910,16 958,6
931: 90,33 199,26 212,9 227,25 350,3 359,13 408,33 445,39 795,39 858,4 974,15
932: 24,25 174,28 231,49 234,31 321,19 443,10 785,9 802,23
933: 598,4 715,49 889,29
934: 18,1 27,19 41,10 62,20 78,15 94,37 109,42 136,29 140,2 181,33 185,46 209,45 252,14 302,10 319,32 345,7 359,24 386,14 398,27 399,3 447,24 467,13 477,40 505,7 530,33 534,46 569,6 578,20 611,49 639,13 731,48 772,48 818,6 826,42 834,33 888,2 895,35 901,23 916,30 922,17 924,26 952,3 967,39 968,16 978,21 982,49
935: 64,13 82,12 141,49 225,18 226,27 401,1 443,48 520,28 523,38 555,19 839,3 925,36 941,34 975,35 982,46 983,11 991,29
936: 21,46 456,10 872,23
937: 763,46
938: 4,6 52,30 72,9 79,47 127,24 147,17 148,28 153,23 176,35 194,8 211,43 223,40 234,28 248,22 317,46 324,43 349,12 357,46 384,21 406,42 422,45 423,44 448,36 453,22 457,0 482,24 485,34 517,22 524,31 547,16 555,18 563,26 600,16 605,41 607,39 629,25 642,17 654,10 685,27 686,11 690,18 708,28 724,32 739,27 742,0 768,13 844,17 953,2 990,30
939: 60,34 64,34 97,10 136,3 140,19 250,23 291,21 364,44 706,44 750,45 770,41 792,37 894,8 992,23
940: 444,10 537,44 597,28 613,32 843,38 893,23
941: 16,32 46,19 91,45 104,20 211,47 237,33 255,41 390,11 391,7 415,37 433,37 468,48 472,32 520,36 523,1 558,7 563,6 581,31 590,46 626,2 632,24 638,22 641,16 642,0 662,43 718,47 753,19 759,43 817,5 875,34 879,29 888,11 896,46 897,27 959,47 986,32
942: 20,5 26,32 28,34 39,42 113,40 123,27 125,39 132,41 137,18 141,21 146,31 214,28 222,12 278,23 319,31 367,5 369,4 396,45 397,36 438,32 444,40 486,16 494,30 550,5 579,13 610,16 627,34 639,19 641,1 691,47 725,24 737,3 759,11 784,21 789,16 840,47 851,33 854,42 857,8 883,28 890,25 958,22
943: 90,30 110,14 251,25 256,45 257,20 300,17 316,24 507,9 534,22 538,13 680,3 718,24 831,34 978,33 981,19
944: 16,39 140,29 230,39 308,21 333,13 340,26 392,6 488,10 501,23 722,39 833,3
945: 125,49 126,5 144,5 424,0 441,42 591,45 627,31 869,5 914,16 984,17
946: 101,35 338,42 495,11 913,39 970,42 976,36 991,18
947: 72,35 239,3 484,35 491,40 911,15 919,46
948: 16,0 88,49 176,48 189,1 343,28 416,16 471,33 500,38 529,24 543,9 546,44 598,29 687,14 782,11 790,35 837,34 844,10 922,49
949: 67,33 348,22 434,27 538,6 963,42
950: 123,23 205,47 242,5 284,14 328,27 345,41 477,13 526,34 539,5 577,31 584,40 822,20 834,49 865,2 991,24
951: 136,31 287,36 730,36 961,8
952: 62,41 88,41 149,13 201,49 246,42 249,21 269,25 286,17 296,23 362,7 366,4 416,9 548,37 558,15 564,49 580,0 583,36 592,31 689,32 719,17 801,5 851,26 861,19 865,44 910,28 954,20
953: 663,17
954: 254,9 686,39 836,20 910,25
955: 15,25 42,29 180,12 219,1 247,13 400,43 407,24 648,28 775,10 926,1
956: 500,20 542,1 901,7 942,44
957: 68,39 553,37 600,48 771,39 925,34
958:
959: 93,37 354,48 481,40 515,48 708,35 907,29 992,25
960: 83,35 96,13 830,32
961: 31,8 224,24 381,41
962: 14,39 74,45 86,1 92,16 157,4 381,30 392,2 458,5 773,42 774,46 859,20
963: 92,43 253,3 318,4 443,48 458,34 645,5
964: 109,19 187,46 206,42 222,23 298,35 403,3 427,25 607,2 827,26
965: 534,36
966: 740,23
967:
968: 35,34 54,5 55,2 62,28 90,18 181,17 191,30 223,18 230,19 238,49 293,20 386,14 402,42 403,41 436,40 464,40 525,42 642,33 650,43 703,21 731,40
969: 56,21 195,1 322,26 423,23 434,0 513,41 585,15 692,30 841,4 843,8 876,38 908,30 972,31 977,12
970:
971: 15,26 38,4 41,4 46,6 75,28 122,7 124,12 146,48 153,40 201,47 202,7 205,22 223,10 229,5 279,49 395,19 444,10 476,42 537,1 564,39 642,40 668,11 745,19 810,49 851,9 890,45 907,20
972: 104,21 584,37 900,33 979,8
973: 325,24 679,8 873,31
974: 12,17 46,20 96,8 98,12 106,31 130,29 162,18 168,24 182,39 303,42 312,33 338,22 369,5 372,18 375,44 389,43 394,31 429,49 486,4 525,8 544,12 548,46 591,28 645,23 652,8 748,10 750,41 793,8 794,8 827,32 847,32 864,39 865,33 920,2 933,28 982,41 999,17
975: 4,11 38,32 49,41 138,33 166,6 188,7 502,2 518,7 730,15 750,44 776,37 797,2 817,32 880,26 889,6 890,24
976: 259,41
977: 5,49 89,31 517,2 697,7 823,30
978: 35,12 56,38 112,41 127,9 156,11 189,22 211,44 232,27 238,31 243,33 261,27 332,14 356,17 366,40 424,16 476,39 479,6 491,0 497,38 528,39 569,46 646,17 695,32 765,48 790,37 803,35 907,19 948,40 972,17 975,23
979: 289,14 580,47
980: 97,11 109,36 120,7 471,4 538,7 622,10 632,29 651,45 970,21
981: 430,26 433,23 756,44 969,39
982: 1,46 24,44 90,6 91,19 148,18 155,43 159,25 162,3 175,2 231,15 285,42 340,35 345,31 355,2 366,37 368,18 388,23 415,17 479,43 484,18 542,38 546,27 554,17 575,26 592,20 650,31 659,21 691,19 704,26 741,42 756,14 758,27 770,30 772,3 840,41 849,11 870,31 872,19 873,47 874,45 916,19 920,7 929,18
983:
984: 962,7
985: 125,23 212,45 269,33 274,41 458,48 690,17 755,49 914,27
986: 534,47 893,48
987: 74,37 93,11 132,46 181,36 273,35 274,36 295,37 363,15 411,39 660,7 865,43 874,19
988: 653,43
989: 105,14 182,21 356,1 366,14 382,18 557,31 623,15 669,10 794,28 843,33 908,7 928,8 970,20 991,24
990:
991: 490,27 570,1 600,49
992: 894,10
993: 78,21 132,33 205,24 209,35 238,22 358,31 460,22 535,9 544,1 548,3 652,20 722,20 878,35 889,30 905,13 915,23
994: 34,14 275,46 514,19 547,25 650,24 998,4
995: 64,42 82,14 134,47 206,35 240,37 268,12 444,20 544,24 587,25 605,24 718,10 720,6 721,34 844,17 930,38 950,49 970,31
996: 716,5
997: 503,9 634,38 742,48 820,40 841,26
998: 51,40
999: 79,16
